0.25 0.420360507776
0.26 0.436623542374
0.27 0.44845373765
0.28 0.457341050015
0.29 0.462772202212
0.3 0.465839444745
0.31 0.467325312141
0.32 0.467661560657
0.33 0.467129925633
0.34 0.465922575331
0.35 0.464172898172
0.36 0.46197381887
0.37 0.456652235064
0.38 0.452084672288
0.39 0.455764310342
0.4 0.452182891905
0.41 0.44602528673
0.42 0.446912315659
0.43 0.436618908505
0.44 0.436044461532
0.45 0.427582227071
0.46 0.431592429953
0.47 0.420263355307
0.48 0.411251256358
0.49 0.406341407456
0.5 0.401269016815
0.51 0.392145271768
0.52 0.392868856566
0.53 0.376246566165
0.54 0.367356176553
0.55 0.360977430785
0.56 0.353017424453
0.57 0.34338628866
0.58 0.334261148499
0.59 0.318782928911
0.6 0.304684512491
0.61 0.289940657336
0.62 0.280146675889
0.63 0.260136081578
0.64 0.260954779911
0.65 0.227100954963
0.66 0.213445765464
0.67 0.200828743441
0.68 0.174409872127
0.69 0.162871231569
0.7 0.14838502027
0.71 0.133536100771
0.72 0.120686149972
0.73 0.110949531627
0.74 0.0890134166458
0.75 0.0955211574493
0.76 0.0907400897246
0.77 0.0833677372695
0.78 0.0516275689872
0.79 0.0884091100403
0.8 0.112035485617
0.81 0.128758270812
0.82 0.143298195749
0.83 0.155003006221
0.84 0.173350265699
0.85 0.195023502427
0.86 0.193376458104
0.87 0.22423942603
0.88 0.234835310914
0.89 0.256034184766
0.9 0.265254021486
0.91 0.279657545666
0.92 0.283501844305
0.93 0.29769896892
0.94 0.306836434454
0.95 0.315444022193
0.96 0.31816068695
0.97 0.330309986444
0.98 0.324551580039
0.99 0.334832125493
1.0 0.304118696778
1.01 0.227983625842
1.02 0.0213104151529
1.03 0.181505028822
1.04 0.270800991715
1.05 0.302583385642
1.06 0.320145399592
1.07 0.319580871202
1.08 0.324358638411
1.09 0.334998629417
1.1 0.344770823623
1.11 0.346396051661
1.12 0.348133505658
1.13 0.342423030491
1.14 0.343507081209
1.15 0.345311897068
1.16 0.340503445864
1.17 0.338493823451
1.18 0.340708529838
1.19 0.349052683028
1.2 0.34026630896
1.21 0.334379652513
1.22 0.335339657873
1.23 0.330995391949
1.24 0.327238031859
1.25 0.327549962034
1.26 0.328217558079
1.27 0.319684893998
1.28 0.319586712296
1.29 0.32023953188
1.3 0.312190322673
1.31 0.313886374539
1.32 0.308910029513
1.33 0.309024336426
1.34 0.297856273812
1.35 0.290035225595
1.36 0.290614002425
1.37 0.285198155816
1.38 0.284570485455
1.39 0.283522902435
1.4 0.271216875936
1.41 0.283267313112
1.42 0.283521021039
1.43 0.290654398663
1.44 0.29203174912
1.45 0.281446716344
1.46 0.270118728372
1.47 0.258266377714
1.48 0.246918642962
1.49 0.240041703446
1.5 0.235765719716
1.51 0.238700050264
1.52 0.237812282453
1.53 0.236837329448
1.54 0.2358110255
1.55 0.232746480856
1.56 0.231274455236
1.57 0.234249977396
1.58 0.231801242014
1.59 0.227657794138
1.6 0.225148918472
1.61 0.22774571596
1.62 0.225897360962
1.63 0.224635983464
1.64 0.209147091377
1.65 0.201594147681
1.66 0.209650241291
1.67 0.216030935361
1.68 0.214063804207
1.69 0.219107383639
1.7 0.215137967545
1.71 0.218036506756
1.72 0.21767494973
1.73 0.222314907237
1.74 0.218588695509
1.75 0.218135329301
1.76 0.208756573343
1.77 0.232801413696
1.78 0.213585998116
1.79 0.225412907445
1.8 0.224071982666
1.81 0.237105604504
1.82 0.229753096274
1.83 0.226459173611
1.84 0.22420390903
1.85 0.254350401259
1.86 0.253541804389
1.87 0.257149963425
1.88 0.25167108841
1.89 0.259098982624
1.9 0.25047103432
1.91 0.258781998456
1.92 0.248791170016
1.93 0.253237379265
1.94 0.24641752004
1.95 0.239147376881
1.96 0.229928882848
1.97 0.236184960344
1.98 0.225324751578
1.99 0.232704371631
2.0 0.239231764664
2.01 0.238660865075
2.02 0.238092682478
2.03 0.237527197561
2.04 0.236964391194
2.05 0.236404244425
2.06 0.23584673848
2.07 0.23529185476
2.08 0.234739574839
2.09 0.234189880462
2.1 0.233642753545
2.11 0.233098176169
2.12 0.232556130582
2.13 0.232016599194
2.14 0.231479564579
2.15 0.230945009468
2.16 0.230412916752
2.17 0.229883269479
2.18 0.22935605085
2.19 0.228831244219
2.2 0.228308833092
2.21 0.228308863146
2.22 0.228308892526
2.23 0.228308921251
2.24 0.228308949337
2.25 0.228308976803
2.26 0.228309003663
2.27 0.228309029935
2.28 0.228309055634
2.29 0.228309080774
2.3 0.22830910537
2.31 0.228309129437
2.32 0.228309152987
2.33 0.228309176034
2.34 0.228309198592
2.35 0.228309220671
2.36 0.228309242285
2.37 0.228309263445
2.38 0.228309284162
2.39 0.228309304449
2.4 0.228309324314
2.41 0.228257230511
2.42 0.228205160075
2.43 0.228153113001
2.44 0.228101089283
2.45 0.228049088913
2.46 0.227997111886
2.47 0.227945158194
2.48 0.22789322783
2.49 0.227841320787
2.5 0.227789437056
2.51 0.227841352706
2.52 0.227893291714
2.53 0.227945254101
2.54 0.227997239893
2.55 0.228049249111
2.56 0.228101281777
2.57 0.228153337915
2.58 0.228205417547
2.59 0.228257520695
2.6 0.228309647381
2.61 0.22872742587
2.62 0.229146735878
2.63 0.229567585848
2.64 0.229989984286
2.65 0.230413939757
2.66 0.230839460893
2.67 0.231266556388
2.68 0.231695235001
2.69 0.232125505554
2.7 0.232557376937
2.71 0.233262598371
2.72 0.233972109721
2.73 0.234685950256
2.74 0.235404159723
2.75 0.23612677836
2.76 0.236853846898
2.77 0.237585406572
2.78 0.238321499128
2.79 0.239062166832
2.8 0.239807452474
2.81 0.23952026867
2.82 0.239233771708
2.83 0.238947959131
2.84 0.238662828494
2.85 0.238378377361
2.86 0.23809460331
2.87 0.23781150393
2.88 0.237529076821
2.89 0.237247319595
2.9 0.236966229872
2.91 0.237022404321
2.92 0.237078605269
2.93 0.23713483274
2.94 0.237191086754
2.95 0.237247367333
2.96 0.237303674499
2.97 0.237360008273
2.98 0.237416368676
2.99 0.23747275573
3.0 0.237529169456
3.01 0.237529176361
3.02 0.237529183152
3.03 0.237529189831
3.04 0.237529196401
3.05 0.237529202864
3.06 0.237529209221
3.07 0.237529215475
3.08 0.237529221629
3.09 0.237529227683
3.1 0.23752923364
3.11 0.237529239501
3.12 0.237529245269
3.13 0.237529250945
3.14 0.237529256531
3.15 0.237529262028
3.16 0.237529267439
3.17 0.237529272765
3.18 0.237529278008
3.19 0.237529283169
3.2 0.237529288249
3.21 0.23705068815
3.22 0.236574012768
3.23 0.236099250517
3.24 0.235626389905
3.25 0.235155419529
3.26 0.234686328081
3.27 0.234219104338
3.28 0.233753737171
3.29 0.233290215536
3.3 0.232828528479
3.31 0.232368665129
3.32 0.231910614704
3.33 0.231454366506
3.34 0.230999909919
3.35 0.230547234412
3.36 0.230096329537
3.37 0.229647184926
3.38 0.229199790293
3.39 0.22875413543
3.4 0.22831021021
3.41 0.228832661962
3.42 0.229357510245
3.43 0.229884771587
3.44 0.230414462667
3.45 0.230946600322
3.46 0.231481201542
3.47 0.232018283475
3.48 0.232557863429
3.49 0.233099958873
3.5 0.23364458744
3.51 0.234191766928
3.52 0.2347415153
3.53 0.235293850692
3.54 0.235848791408
3.55 0.236406355925
3.56 0.23150716882
3.57 0.228675624411
3.58 0.226715774927
3.59 0.225148124939
3.6 0.223818267719
3.61 0.22265274276
3.62 0.221609687482
3.63 0.220662530185
3.64 0.219793137519
3.65 0.218988470636
3.66 0.218238775349
3.67 0.217536524551
3.68 0.216875762554
3.69 0.216251678924
3.7 0.215660320611
3.71 0.217122171739
3.72 0.218628608067
3.73 0.220178959446
3.74 0.211083904288
3.75 0.202726912283
3.76 0.190742735907
3.77 0.165775995411
3.78 0.173265619711
3.79 0.19529606213
3.8 0.199637008615
3.81 0.204186518112
3.82 0.202917092148
3.83 0.201673111181
3.84 0.200453428124
3.85 0.19925698348
3.86 0.197301156549
3.87 0.195390821491
3.88 0.193524114866
3.89 0.191699290282
3.9 0.186636051961
3.91 0.181838793775
3.92 0.177286889689
3.93 0.1729618045
3.94 0.180260489356
3.95 0.179105777687
3.96 0.184879626001
3.97 0.169078046523
3.98 0.173616893261
3.99 0.175590511699
4.0 0.172407440911
4.01 0.161936827492
4.02 0.141239468649
4.03 0.138217072189
4.04 0.141648717236
4.05 0.145046466519
4.06 0.136633069173
4.07 0.146771517493
4.08 0.144557530903
4.09 0.148325587575
4.1 0.150237998473
4.11 0.151281230547
4.12 0.146967480295
4.13 0.149517710567
4.14 0.153091503013
4.15 0.144595611611
4.16 0.146422167314
4.17 0.146343753551
4.18 0.144994375211
4.19 0.148580741928
4.2 0.151657335093
4.21 0.168713277944
4.22 0.157466445353
4.23 0.168241280668
4.24 0.167305981792
4.25 0.183477983408
4.26 0.175028244021
4.27 0.166488271374
4.28 0.171542976454
4.29 0.171015989859
4.3 0.170493662221
4.31 0.172616563942
4.32 0.17479443426
4.33 0.170103343726
4.34 0.165658700268
4.35 0.159765028124
4.36 0.160209330729
4.37 0.159758869712
4.38 0.159311976117
4.39 0.159756901286
4.4 0.149432387711
4.41 0.152104430082
4.42 0.154635183205
4.43 0.146860132388
4.44 0.150567712506
4.45 0.152815821703
4.46 0.154892624217
4.47 0.156291228103
4.48 0.157716145584
4.49 0.158286314019
4.5 0.158861424762
4.51 0.161893719827
4.52 0.165044861115
4.53 0.165262062234
4.54 0.165480642536
4.55 0.160256889387
4.56 0.15535352601
4.57 0.157199242924
4.58 0.159090034385
4.59 0.161027558264
4.6 0.163013555096
4.61 0.162501866903
4.62 0.161994044661
4.63 0.161490033887
4.64 0.160989781309
4.65 0.160493234826
4.66 0.160000343475
4.67 0.159511057392
4.68 0.159025327787
4.69 0.158543106905
4.7 0.158064347997
4.71 0.157589005296
4.72 0.157117033982
4.73 0.156648390157
4.74 0.156183030822
4.75 0.155720913847
4.76 0.15526199795
4.77 0.154806242671
4.78 0.154353608353
4.79 0.153904056115
4.8 0.153457547835
4.81 0.153648827707
4.82 0.153841005725
4.83 0.154034079854
4.84 0.154228048177
4.85 0.154422908891
4.86 0.154618660305
4.87 0.154815300838
4.88 0.155012829015
4.89 0.155211243467
4.9 0.155410542927
4.91 0.155610726228
4.92 0.155811792301
4.93 0.156013740173
4.94 0.156216568965
4.95 0.156420277891
4.96 0.156624866254
4.97 0.156830333446
4.98 0.157036678946
4.99 0.157243902317
5.0 0.157452003208
5.01 0.157462375966
5.02 0.15747307006
5.03 0.157484080757
5.04 0.157495403417
5.05 0.157507033489
5.06 0.157518966514
5.07 0.157531198121
5.08 0.157543724022
5.09 0.157556540012
5.1 0.157569641969
5.11 0.157583025848
5.12 0.157596687684
5.13 0.157610623584
5.14 0.15762482973
5.15 0.157639302378
5.16 0.157654037851
5.17 0.157669032543
5.18 0.157684282914
5.19 0.157699785489
5.2 0.157715536859
5.21 0.157694223647
5.22 0.157673154884
5.23 0.157652327004
5.24 0.15763173651
5.25 0.157611379963
5.26 0.157591253992
5.27 0.157571355281
5.28 0.157551680576
5.29 0.157532226681
5.3 0.157512990456
5.31 0.157493968817
5.32 0.157475158734
5.33 0.15745655723
5.34 0.157438161379
5.35 0.157419968308
5.36 0.157401975191
5.37 0.157384179254
5.38 0.157366577768
5.39 0.157349168052
5.4 0.15733194747
5.41 0.157314913432
5.42 0.157298063389
5.43 0.157281394838
5.44 0.157264905318
5.45 0.157248592407
5.46 0.157232453724
5.47 0.157216486929
5.48 0.15720068972
5.49 0.157185059832
5.5 0.157169595038
5.51 0.157154293148
5.52 0.157139152006
5.53 0.157124169494
5.54 0.157109343526
5.55 0.15709467205
5.56 0.157080153047
5.57 0.157065784532
5.58 0.157051564548
5.59 0.157037491174
5.6 0.157023562516
5.61 0.157009776711
5.62 0.156996131926
5.63 0.156982626355
5.64 0.156969258223
5.65 0.156956025781
5.66 0.156942927307
5.67 0.156929961106
5.68 0.15691712551
5.69 0.156904418876
5.7 0.156891839586
5.71 0.156879386048
5.72 0.156867056693
5.73 0.156854849977
5.74 0.156842764377
5.75 0.156830798397
5.76 0.15681895056
5.77 0.156807219413
5.78 0.156795603525
5.79 0.156784101485
5.8 0.156772711904
5.81 0.156761433413
5.82 0.156750264665
5.83 0.156739204331
5.84 0.156728251101
5.85 0.156717403687
5.86 0.156706660818
5.87 0.156696021242
5.88 0.156685483723
5.89 0.156675047048
5.9 0.156664710016
5.91 0.156654471447
5.92 0.156644330177
5.93 0.156634285058
5.94 0.156624334959
5.95 0.156614478765
5.96 0.156604715377
5.97 0.156595043712
5.98 0.156585462701
5.99 0.156575971291
6.0 0.156566568445
6.01 0.156469066216
6.02 0.15637177058
6.03 0.156274680032
6.04 0.156177793085
6.05 0.156081108273
6.06 0.155984624149
6.07 0.155888339285
6.08 0.15579225227
6.09 0.155696361714
6.1 0.155600666241
6.11 0.155505164498
6.12 0.155409855144
6.13 0.155314736859
6.14 0.155219808338
6.15 0.155125068292
6.16 0.15503051545
6.17 0.154936148555
6.18 0.154841966368
6.19 0.154747967664
6.2 0.154654151233
6.21 0.154560515881
6.22 0.154467060428
6.23 0.15437378371
6.24 0.154280684574
6.25 0.154187761884
6.26 0.154095014518
6.27 0.154002441366
6.28 0.153910041332
6.29 0.153817813333
6.3 0.1537257563
6.31 0.153633869175
6.32 0.153542150915
6.33 0.153450600487
6.34 0.153359216871
6.35 0.153267999061
6.36 0.153176946059
6.37 0.153086056883
6.38 0.152995330558
6.39 0.152904766125
6.4 0.152814362632
6.41 0.15272411914
6.42 0.152634034721
6.43 0.152544108457
6.44 0.152454339441
6.45 0.152364726775
6.46 0.152275269573
6.47 0.152185966958
6.48 0.152096818062
6.49 0.15200782203
6.5 0.151918978012
6.51 0.151871790898
6.52 0.151824679987
6.53 0.151777644689
6.54 0.151730684421
6.55 0.151683798606
6.56 0.151636986677
6.57 0.15159024807
6.58 0.151543582231
6.59 0.151496988612
6.6 0.15145046667
6.61 0.15140401587
6.62 0.151357635683
6.63 0.151311325586
6.64 0.151265085064
6.65 0.151218913606
6.66 0.151172810707
6.67 0.151126775869
6.68 0.151080808601
6.69 0.151034908416
6.7 0.150989074832
6.71 0.150943307374
6.72 0.150897605574
6.73 0.150851968967
6.74 0.150806397093
6.75 0.150760889501
6.76 0.15071544574
6.77 0.15067006537
6.78 0.150624747951
6.79 0.150579493051
6.8 0.150534300243
6.81 0.150489169102
6.82 0.150444099212
6.83 0.150399090158
6.84 0.150354141532
6.85 0.15030925293
6.86 0.150264423952
6.87 0.150219654204
6.88 0.150174943296
6.89 0.15013029084
6.9 0.150085696455
6.91 0.150041159764
6.92 0.149996680394
6.93 0.149952257975
6.94 0.149907892142
6.95 0.149863582534
6.96 0.149819328795
6.97 0.14977513057
6.98 0.149730987512
6.99 0.149686899274
7.0 0.149642865515
7.01 0.149743748918
7.02 0.149844796508
7.03 0.149946008415
7.04 0.150047384771
7.05 0.15014892571
7.06 0.15025063137
7.07 0.150352501891
7.08 0.150454537416
7.09 0.15055673809
7.1 0.150659104061
7.11 0.150761635478
7.12 0.150864332496
7.13 0.15096719527
7.14 0.151070223956
7.15 0.151173418717
7.16 0.151276779714
7.17 0.151380307113
7.18 0.151484001082
7.19 0.151587861791
7.2 0.151691889412
7.21 0.151796084121
7.22 0.151900446095
7.23 0.152004975513
7.24 0.152109672557
7.25 0.152214537413
7.26 0.152319570266
7.27 0.152424771305
7.28 0.152530140722
7.29 0.152635678711
7.3 0.152741385466
7.31 0.152064757569
7.32 0.151394119842
7.33 0.1507293929
7.34 0.150070498757
7.35 0.149417360795
7.36 0.148769903732
7.37 0.148128053596
7.38 0.147491737697
7.39 0.146860884596
7.4 0.14623542408
7.41 0.146168681394
7.42 0.146102018229
7.43 0.14603543429
7.44 0.145968929284
7.45 0.145902502921
7.46 0.145836154912
7.47 0.145769884974
7.48 0.145703692822
7.49 0.145637578177
7.5 0.14557154076
7.51 0.146250388966
7.52 0.146935615503
7.53 0.147627310542
7.54 0.148325565961
7.55 0.149030475388
7.56 0.149742134244
7.57 0.150460639784
7.58 0.151186091142
7.59 0.151918589376
7.6 0.152658237517
7.61 0.15179836183
7.62 0.150948135456
7.63 0.150107396738
7.64 0.149275987614
7.65 0.148453753514
7.66 0.147640543263
7.67 0.146836208994
7.68 0.146040606051
7.69 0.145253592909
7.7 0.144475031082
7.71 0.145207206923
7.72 0.145946856063
7.73 0.146694093389
7.74 0.147449036155
7.75 0.148211804044
7.76 0.148982519233
7.77 0.149761306456
7.78 0.150548293072
7.79 0.151343609135
7.8 0.152147387467
7.81 0.151983375397
7.82 0.151819730904
7.83 0.151656452639
7.84 0.151493539262
7.85 0.151330989438
7.86 0.15116880184
7.87 0.151006975151
7.88 0.150845508058
7.89 0.150684399257
7.9 0.150523647452
7.91 0.150499028492
7.92 0.150474430585
7.93 0.150449853611
7.94 0.150425297449
7.95 0.150400761981
7.96 0.15037624709
7.97 0.150351752659
7.98 0.150327278573
7.99 0.150302824717
8.0 0.150278390978
8.01 0.150141180696
8.02 0.150004232671
8.03 0.149867546057
8.04 0.149731120016
8.05 0.149594953713
8.06 0.149459046317
8.07 0.149323397002
8.08 0.149188004945
8.09 0.14905286933
8.1 0.148917989342
8.11 0.149116154219
8.12 0.149314858115
8.13 0.149514103147
8.14 0.149713891442
8.15 0.149914225141
8.16 0.150115106395
8.17 0.150316537368
8.18 0.150518520236
8.19 0.150721057188
8.2 0.150924150424
8.21 0.151471174743
8.22 0.152022189339
8.23 0.152577237951
8.24 0.15313636496
8.25 0.153699615401
8.26 0.154267034978
8.27 0.154838670069
8.28 0.155414567748
8.29 0.15599477579
8.3 0.156579342687
8.31 0.156015842533
8.32 0.155456393846
8.33 0.154900953011
8.34 0.154349477041
8.35 0.153801923558
8.36 0.15325825079
8.37 0.152718417555
8.38 0.152182383252
8.39 0.151650107852
8.4 0.151121551886
8.41 0.151325930266
8.42 0.151530871139
8.43 0.151736376761
8.44 0.151942449403
8.45 0.152149091348
8.46 0.152356304893
8.47 0.152564092347
8.48 0.152772456031
8.49 0.15298139828
8.5 0.153190921443
8.51 0.152908445316
8.52 0.152627017428
8.53 0.152346631894
8.54 0.152067282872
8.55 0.151788964567
8.56 0.151511671224
8.57 0.151235397134
8.58 0.150960136629
8.59 0.150685884084
8.6 0.150412633917
8.61 0.150910745677
8.62 0.15141217522
8.63 0.151916955749
8.64 0.152425120912
8.65 0.152936704807
8.66 0.153451741995
8.67 0.153970267505
8.68 0.154492316839
8.69 0.155017925984
8.7 0.155547131422
8.71 0.155328416838
8.72 0.155110323966
8.73 0.154892850105
8.74 0.15467599257
8.75 0.154459748694
8.76 0.154244115823
8.77 0.15402909132
8.78 0.153814672564
8.79 0.153600856949
8.8 0.153387641884
8.81 0.152964152203
8.82 0.152543001276
8.83 0.152124169735
8.84 0.151707638425
8.85 0.151293388404
8.86 0.150881400934
8.87 0.150471657485
8.88 0.150064139728
8.89 0.149658829534
8.9 0.14925570897
8.91 0.149343832186
8.92 0.149432065563
8.93 0.149520409265
8.94 0.149608863456
8.95 0.149697428303
8.96 0.149786103969
8.97 0.149874890622
8.98 0.149963788428
8.99 0.150052797555
9.0 0.150141918172
9.01 0.150231150447
9.02 0.15032049455
9.03 0.150409950651
9.04 0.150499518921
9.05 0.150589199532
9.06 0.150678992656
9.07 0.150768898465
9.08 0.150858917134
9.09 0.150949048837
9.1 0.151039293748
9.11 0.151175346198
9.12 0.151311649363
9.13 0.151448203901
9.14 0.15158501047
9.15 0.151722069731
9.16 0.151859382349
9.17 0.151996948991
9.18 0.152134770326
9.19 0.152272847027
9.2 0.152411179767
9.21 0.152340613495
9.22 0.152270117635
9.23 0.152199692047
9.24 0.152129336593
9.25 0.152059051135
9.26 0.151988835535
9.27 0.151918689656
9.28 0.151848613363
9.29 0.151778606519
9.3 0.151708668989
9.31 0.152146369084
9.32 0.15258660692
9.33 0.153029404599
9.34 0.153474784481
9.35 0.153922769187
9.36 0.154373381604
9.37 0.154826644888
9.38 0.155282582468
9.39 0.155741218049
9.4 0.15620257562
9.41 0.155666779755
9.42 0.155134651656
9.43 0.154606153759
9.44 0.154081249012
9.45 0.153559900867
9.46 0.153042073269
9.47 0.15252773065
9.48 0.152016837917
9.49 0.15150936045
9.5 0.151005264089
9.51 0.151187145571
9.52 0.151369469847
9.53 0.151552238509
9.54 0.151735453156
9.55 0.151919115396
9.56 0.152103226845
9.57 0.152287789125
9.58 0.152472803869
9.59 0.152658272716
9.6 0.152844197313
9.61 0.152913577051
9.62 0.15298302375
9.63 0.153052537482
9.64 0.153122118316
9.65 0.153191766326
9.66 0.153261481584
9.67 0.153331264161
9.68 0.15340111413
9.69 0.153471031565
9.7 0.153541016537
9.71 0.153398995069
9.72 0.153257239803
9.73 0.153115749968
9.74 0.152974524797
9.75 0.152833563523
9.76 0.152692865387
9.77 0.152552429627
9.78 0.15241225549
9.79 0.152272342222
9.8 0.152132689073
9.81 0.152340616583
9.82 0.152549116692
9.83 0.152758191747
9.84 0.152967844109
9.85 0.153178076149
9.86 0.153388890254
9.87 0.153600288822
9.88 0.153812274267
9.89 0.154024849013
9.9 0.154238015502
9.91 0.153786702562
9.92 0.153338026348
9.93 0.1528919638
9.94 0.152448492124
9.95 0.152007588795
9.96 0.151569231545
9.97 0.151133398364
9.98 0.150700067496
9.99 0.150269217433
10.0 0.149840826914 
