0.500 8.43384875292
0.505 8.38767192451
0.510 8.34247043682
0.515 8.29821026863
0.520 8.25485914216
0.525 8.21238640708
0.530 8.17076293389
0.535 8.13999840614
0.540 8.10995493126
0.545 8.08060999192
0.550 8.05194213721
0.555 8.02393091786
0.560 7.99655682621
0.565 7.97112089966
0.570 7.94627519169
0.575 7.92200301347
0.580 7.89828840675
0.585 7.87511610311
0.590 7.85247148595
0.595 7.8303405552
0.600 7.80870989421
0.605 7.77837245103
0.610 7.74854536509
0.615 7.71921512523
0.620 7.69036874134
0.625 7.66199371815
0.630 7.63407803067
0.635 7.60661010116
0.640 7.5795787774
0.645 7.55297331239
0.650 7.52678334509
0.655 7.50099888246
0.660 7.47561028235
0.665 7.45060823752
0.670 7.42598376047
0.675 7.40172816913
0.680 7.37783307337
0.685 7.35429036224
0.690 7.33109219181
0.695 7.30823097385
0.700 7.28569936487
0.705 7.2644544638
0.710 7.24352470593
0.715 7.22290352785
0.720 7.20258457074
0.725 7.18256167208
0.730 7.16282885787
0.735 7.14338033515
0.740 7.12421048498
0.745 7.10531385565
0.750 7.08668515629
0.755 7.06831925078
0.760 7.05021115189
0.765 7.03235601578
0.770 7.01474913665
0.775 6.99738594174
0.780 6.98026198645
0.785 6.96337294981
0.790 6.94671463
0.795 6.93028294019
0.800 6.91407390451
0.805 6.89496397381
0.810 6.87607527224
0.815 6.8574038666
0.820 6.83894592526
0.825 6.82069771483
0.830 6.80265559684
0.835 6.7848160246
0.840 6.76717554022
0.845 6.74973077168
0.850 6.7324784301
0.855 6.71541530704
0.860 6.69853827198
0.865 6.68184426982
0.870 6.66533031856
0.875 6.648993507
0.880 6.63283099259
0.885 6.6168399993
0.890 6.6010178156
0.895 6.58536179253
0.900 6.56986934185
0.905 6.55323292149
0.910 6.53675626585
0.915 6.52043688866
0.920 6.50427235878
0.925 6.48826029861
0.930 6.47239838255
0.935 6.45668433548
0.940 6.44111593141
0.945 6.42569099204
0.950 6.41040738544
0.955 6.39526302479
0.960 6.3802558671
0.965 6.36538391204
0.970 6.35064520077
0.975 6.33603781483
0.980 6.32155987504
0.985 6.30720954046
0.990 6.29298500738
0.995 6.27888450836
1.000 6.26490631123
1.005 6.24820758408
1.010 6.23164125799
1.015 6.21520553398
1.020 6.19889864793
1.025 6.18271886964
1.030 6.16666450206
1.035 6.15073388037
1.040 6.13492537125
1.045 6.11923737208
1.050 6.10366831018
1.055 6.08821664211
1.060 6.07288085291
1.065 6.05765945548
1.070 6.04255098986
1.075 6.02755402261
1.080 6.01266714619
1.085 5.99788897831
1.090 5.9832181614
1.095 5.96865336198
1.100 5.95419327014
1.105 5.9406088977
1.110 5.92712326448
1.115 5.91373516552
1.120 5.90044341672
1.125 5.88724685438
1.130 5.87414433475
1.135 5.86113473358
1.140 5.84821694569
1.145 5.83538988455
1.150 5.82265248185
1.155 5.81000368714
1.160 5.79744246742
1.165 5.78496780676
1.170 5.77257870594
1.175 5.7602741821
1.180 5.74805326837
1.185 5.73591501355
1.190 5.7238584818
1.195 5.71188275226
1.200 5.69998691878
1.205 5.68736952237
1.210 5.67483345571
1.215 5.66237782293
1.220 5.65000174215
1.225 5.63770434521
1.230 5.62548477738
1.235 5.6133421971
1.240 5.60127577572
1.245 5.58928469722
1.250 5.57736815799
1.255 5.56552536657
1.260 5.55375554341
1.265 5.54205792063
1.270 5.53043174182
1.275 5.5188762618
1.280 5.50739074637
1.285 5.49597447218
1.290 5.48462672644
1.295 5.47334680678
1.300 5.46213402101
1.305 5.45289920381
1.310 5.4437227789
1.315 5.43460415018
1.320 5.42554273013
1.325 5.41653793962
1.330 5.40758920778
1.335 5.39869597181
1.340 5.38985767689
1.345 5.38107377599
1.350 5.37234372973
1.355 5.36366700625
1.360 5.3550430811
1.365 5.34647143706
1.370 5.33795156402
1.375 5.32948295891
1.380 5.32106512549
1.385 5.31269757429
1.390 5.30437982246
1.395 5.29611139369
1.400 5.28789181804
1.405 5.27894808455
1.410 5.2700551977
1.415 5.26121268221
1.420 5.25242006909
1.425 5.24367689546
1.430 5.23498270452
1.435 5.22633704544
1.440 5.21773947319
1.445 5.20918954854
1.450 5.2006868379
1.455 5.19223091322
1.460 5.18382135194
1.465 5.17545773688
1.470 5.16713965614
1.475 5.15886670303
1.480 5.15063847598
1.485 5.14245457844
1.490 5.13431461883
1.495 5.12621821043
1.500 5.11816497132
1.505 5.10828674141
1.510 5.09845655372
1.515 5.08867399468
1.520 5.07893865574
1.525 5.0692501333
1.530 5.05960802862
1.535 5.05001194773
1.540 5.0404615014
1.545 5.03095630501
1.550 5.02149597852
1.555 5.0120801464
1.560 5.00270843753
1.565 4.99338048517
1.570 4.98409592684
1.575 4.97485440431
1.580 4.96565556354
1.585 4.95649905454
1.590 4.9473845314
1.595 4.93831165217
1.600 4.92928007883
1.605 4.92259570442
1.610 4.91594531158
1.615 4.90932862369
1.620 4.90274536728
1.625 4.89619527199
1.630 4.88967807053
1.635 4.88319349863
1.640 4.876741295
1.645 4.87032120129
1.650 4.86393296203
1.655 4.8575763246
1.660 4.8512510392
1.665 4.84495685879
1.670 4.83869353906
1.675 4.83246083839
1.680 4.82625851782
1.685 4.82008634099
1.690 4.81394407413
1.695 4.80783148601
1.700 4.80174834789
1.705 4.79444323073
1.710 4.78717074399
1.715 4.77993064147
1.720 4.77272267961
1.725 4.76554661743
1.730 4.75840221649
1.735 4.75128924085
1.740 4.74420745707
1.745 4.73715663415
1.750 4.73013654348
1.755 4.72314695885
1.760 4.71618765638
1.765 4.70925841452
1.770 4.70235901399
1.775 4.69548923778
1.780 4.68864887107
1.785 4.68183770128
1.790 4.67505551795
1.795 4.66830211279
1.800 4.6615772796
1.805 4.65486469437
1.810 4.64818031471
1.815 4.64152394032
1.820 4.6348953729
1.825 4.62829441612
1.830 4.62172087562
1.835 4.61517455895
1.840 4.60865527559
1.845 4.60216283685
1.850 4.59569705593
1.855 4.58925774786
1.860 4.58284472946
1.865 4.57645781935
1.870 4.57009683789
1.875 4.56376160721
1.880 4.55745195113
1.885 4.55116769518
1.890 4.54490866657
1.895 4.53867469415
1.900 4.53246560842
1.905 4.52759375407
1.910 4.52274303763
1.915 4.51791331517
1.920 4.51310444407
1.925 4.50831628312
1.930 4.50354869241
1.935 4.49880153336
1.940 4.4940746687
1.945 4.48936796244
1.950 4.48468127987
1.955 4.48001448754
1.960 4.47536745323
1.965 4.47074004596
1.970 4.46613213596
1.975 4.46154359466
1.980 4.45697429466
1.985 4.45242410976
1.990 4.44789291488
1.995 4.44338058611
2.000 4.43888700066
2.005 4.43374188761
2.010 4.42861698016
2.015 4.42351214904
2.020 4.41842726617
2.025 4.41336220461
2.030 4.40831683855
2.035 4.40329104331
2.040 4.39828469529
2.045 4.39329767202
2.050 4.38832985209
2.055 4.38338111516
2.060 4.37845134196
2.065 4.37354041426
2.070 4.36864821486
2.075 4.36377462758
2.080 4.35891953726
2.085 4.35408282974
2.090 4.34926439183
2.095 4.34446411134
2.100 4.33968187703
2.105 4.33370404903
2.110 4.32774664024
2.115 4.32180952747
2.120 4.31589258853
2.125 4.30999570228
2.130 4.30411874861
2.135 4.29826160842
2.140 4.29242416358
2.145 4.28660629698
2.150 4.28080789248
2.155 4.2750288349
2.160 4.26926901001
2.165 4.26352830454
2.170 4.25780660615
2.175 4.25210380342
2.180 4.24641978587
2.185 4.2407544439
2.190 4.2351076688
2.195 4.22947935279
2.200 4.22386938892
2.205 4.22027728548
2.210 4.2166988931
2.215 4.2131341309
2.220 4.20958291869
2.225 4.20604517693
2.230 4.20252082672
2.235 4.19900978981
2.240 4.19551198857
2.245 4.19202734603
2.250 4.1885557858
2.255 4.18509723215
2.260 4.18165160991
2.265 4.17821884456
2.270 4.17479886215
2.275 4.17139158932
2.280 4.1679969533
2.285 4.16461488191
2.290 4.16124530352
2.295 4.15788814708
2.300 4.15454334209
2.305 4.14965660984
2.310 4.1447855227
2.315 4.13992999473
2.320 4.13508994066
2.325 4.13026527587
2.330 4.12545591639
2.335 4.12066177891
2.340 4.11588278072
2.345 4.11111883977
2.350 4.10636987464
2.355 4.10163580452
2.360 4.09691654919
2.365 4.09221202907
2.370 4.08752216516
2.375 4.08284687907
2.380 4.07818609299
2.385 4.07353972969
2.390 4.06890771252
2.395 4.06428996541
2.400 4.05968641284
2.405 4.055869547
2.410 4.05206523429
2.415 4.04827340816
2.420 4.04449400258
2.425 4.04072695197
2.430 4.03697219126
2.435 4.03322965587
2.440 4.02949928167
2.445 4.02578100502
2.450 4.02207476273
2.455 4.01838049209
2.460 4.01469813083
2.465 4.01102761715
2.470 4.00736888969
2.475 4.00372188753
2.480 4.0000865502
2.485 3.99646281767
2.490 3.99285063032
2.495 3.98924992899
2.500 3.98566065492
2.505 3.98239465481
2.510 3.97913930617
2.515 3.97589455445
2.520 3.9726603455
2.525 3.96943662558
2.530 3.9662233413
2.535 3.96302043967
2.540 3.95982786806
2.545 3.95664557422
2.550 3.95347350628
2.555 3.95031161271
2.560 3.94715984236
2.565 3.94401814443
2.570 3.94088646848
2.575 3.93776476443
2.580 3.93465298253
2.585 3.93155107339
2.590 3.92845898796
2.595 3.92537667753
2.600 3.92230409372
2.605 3.91815445386
2.610 3.9140164401
2.615 3.90988999614
2.620 3.90577506604
2.625 3.90167159427
2.630 3.89757952564
2.635 3.89349880536
2.640 3.889429379
2.645 3.8853711925
2.650 3.88132419215
2.655 3.87728832462
2.660 3.87326353693
2.665 3.86924977644
2.670 3.86524699087
2.675 3.86125512829
2.680 3.85727413712
2.685 3.8533039661
2.690 3.84934456434
2.695 3.84539588126
2.700 3.84145786663
2.705 3.83817402021
2.710 3.83489967931
2.715 3.83163479937
2.720 3.82837933614
