3.240 1.02205088743
3.245 1.02133018816
3.250 1.0206112301
3.255 1.01989400647
3.260 1.01917851053
3.265 1.01846473558
3.270 1.01775267495
3.275 1.017042322
3.280 1.01633367015
3.285 1.01562671282
3.290 1.0149214435
3.295 1.01421785569
3.300 1.01351594294
3.305 1.01274186673
3.310 1.01196955759
3.315 1.0111990088
3.320 1.01043021368
3.325 1.00966316557
3.330 1.00889785787
3.335 1.008134284
3.340 1.00737243741
3.345 1.00661231159
3.350 1.00585390006
3.355 1.0050971964
3.360 1.00434219419
3.365 1.00358888705
3.370 1.00283726865
3.375 1.00208733269
3.380 1.00133907288
3.385 1.00059248299
3.390 0.999847556813
3.395 0.999104288171
3.400 0.998362670921
3.405 0.997564412638
3.410 0.996767866014
3.415 0.995973024738
3.420 0.995179882534
3.425 0.994388433158
3.430 0.993598670399
3.435 0.992810588076
3.440 0.992024180042
3.445 0.99123944018
3.450 0.990456362404
3.455 0.98967494066
3.460 0.988895168925
3.465 0.988117041206
3.470 0.987340551541
3.475 0.986565693998
3.480 0.985792462675
3.485 0.985020851701
3.490 0.984250855234
3.495 0.983482467459
3.500 0.982715682595
3.505 0.981950494888
3.510 0.98118689861
3.515 0.980424888067
3.520 0.979664457591
3.525 0.97890560154
3.530 0.978148314305
3.535 0.977392590302
3.540 0.976638423975
3.545 0.975885809797
3.550 0.975134742266
3.555 0.97438521591
3.560 0.973637225283
3.565 0.972890764965
3.570 0.972145829565
3.575 0.971402413717
3.580 0.970660512081
3.585 0.969920119345
3.590 0.969181230222
3.595 0.968443839451
3.600 0.967707941796
3.605 0.966973532049
3.610 0.966240605025
3.615 0.965509155566
3.620 0.964779178538
3.625 0.964050668832
3.630 0.963323621364
3.635 0.962598031076
3.640 0.961873892933
3.645 0.961151201923
3.650 0.960429953063
3.655 0.959710141388
3.660 0.958991761962
3.665 0.95827480987
3.670 0.95755928022
3.675 0.956845168147
3.680 0.956132468805
3.685 0.955421177375
3.690 0.954711289058
3.695 0.954002799079
3.700 0.953295702686
3.705 0.952670101046
3.710 0.952045791806
3.715 0.951422770584
3.720 0.950801033021
3.725 0.950180574776
3.730 0.949561391529
3.735 0.948943478982
3.740 0.948326832855
3.745 0.947711448889
3.750 0.947097322848
3.755 0.946484450511
3.760 0.94587282768
3.765 0.945262450177
3.770 0.944653313842
3.775 0.944045414534
3.780 0.943438748134
3.785 0.94283331054
3.790 0.942229097669
3.795 0.94162610546
3.800 0.941024329867
3.805 0.940423766865
3.810 0.939824412448
3.815 0.939226262626
3.820 0.938629313431
3.825 0.93803356091
3.830 0.937439001131
3.835 0.936845630179
3.840 0.936253444156
3.845 0.935662439183
3.850 0.9350726114
3.855 0.934483956962
3.860 0.933896472043
3.865 0.933310152835
3.870 0.932724995547
3.875 0.932140996405
3.880 0.931558151652
3.885 0.930976457548
3.890 0.930395910371
3.895 0.929816506416
3.900 0.929238241993
3.905 0.92866111343
3.910 0.928085117071
3.915 0.927510249278
3.920 0.926936506427
3.925 0.926363884912
3.930 0.925792381143
3.935 0.925221991546
3.940 0.924652712563
3.945 0.924084540651
3.950 0.923517472284
3.955 0.922951503952
3.960 0.92238663216
3.965 0.921822853428
3.970 0.921260164293
3.975 0.920698561306
3.980 0.920138041034
3.985 0.919578600059
3.990 0.919020234978
3.995 0.918462942404
4.000 0.917906718963
4.005 0.917430633678
4.010 0.916955522137
4.015 0.916481381275
4.020 0.916008208042
4.025 0.915535999399
4.030 0.915064752322
4.035 0.914594463801
4.040 0.914125130837
4.045 0.913656750446
4.050 0.913189319657
4.055 0.912722835511
4.060 0.912257295062
4.065 0.911792695378
4.070 0.911329033539
4.075 0.910866306637
4.080 0.910404511778
4.085 0.90994364608
4.090 0.909483706673
4.095 0.9090246907
4.100 0.908566595316
4.105 0.908109417689
4.110 0.907653154999
4.115 0.907197804437
4.120 0.906743363208
4.125 0.906289828527
4.130 0.905837197623
4.135 0.905385467735
4.140 0.904934636114
4.145 0.904484700025
4.150 0.904035656743
4.155 0.903587503553
4.160 0.903140237755
4.165 0.902693856658
4.170 0.902248357584
4.175 0.901803737865
4.180 0.901359994845
4.185 0.900917125879
4.190 0.900475128334
4.195 0.900033999587
4.200 0.899593737026
4.205 0.899154338052
4.210 0.898715800075
4.215 0.898278120516
4.220 0.897841296807
4.225 0.897405326392
4.230 0.896970206725
4.235 0.896535935269
4.240 0.8961025095
4.245 0.895669926903
4.250 0.895238184974
4.255 0.894807281221
4.260 0.894377213159
4.265 0.893947978316
4.270 0.893519574229
4.275 0.893091998446
4.280 0.892665248525
4.285 0.892239322034
4.290 0.89181421655
4.295 0.891389929662
4.300 0.890966458968
4.305 0.890543802075
4.310 0.890121956601
4.315 0.889700920173
4.320 0.889280690429
4.325 0.888861265015
4.330 0.888442641588
4.335 0.888024817814
4.340 0.887607791368
4.345 0.887191559936
4.350 0.886776121212
4.355 0.8863614729
4.360 0.885947612714
4.365 0.885534538375
4.370 0.885122247615
4.375 0.884710738176
4.380 0.884300007807
4.385 0.883890054268
4.390 0.883480875326
4.395 0.88307246876
4.400 0.882664832354
4.405 0.882257963905
4.410 0.881851861216
4.415 0.881446522101
4.420 0.881041944379
4.425 0.880638125882
4.430 0.880235064449
4.435 0.879832757927
4.440 0.879431204173
4.445 0.87903040105
4.450 0.878630346433
4.455 0.878231038203
4.460 0.877832474249
4.465 0.877434652472
4.470 0.877037570776
4.475 0.876641227078
4.480 0.8762456193
4.485 0.875850745374
4.490 0.875456603241
4.495 0.875063190847
4.500 0.874670506148
4.505 0.874278547109
4.510 0.873887311702
4.515 0.873496797905
4.520 0.873107003708
4.525 0.872717927106
4.530 0.872329566102
4.535 0.871941918708
4.540 0.871554982943
4.545 0.871168756833
4.550 0.870783238414
4.555 0.870398425727
4.560 0.870014316822
4.565 0.869630909756
4.570 0.869248202594
4.575 0.868866193409
4.580 0.868484880281
4.585 0.868104261296
4.590 0.86772433455
4.595 0.867345098144
4.600 0.866966550187
4.605 0.866588688796
4.610 0.866211512095
4.615 0.865835018215
4.620 0.865459205295
4.625 0.865084071478
4.630 0.864709614918
4.635 0.864335833774
4.640 0.863962726213
4.645 0.863590290408
4.650 0.86321852454
4.655 0.862847426796
4.660 0.862476995369
4.665 0.862107228463
4.670 0.861738124283
4.675 0.861369681045
4.680 0.861001896971
4.685 0.860634770288
4.690 0.860268299232
4.695 0.859902482044
4.700 0.859537316973
4.705 0.859172802272
4.710 0.858808936204
4.715 0.858445717037
4.720 0.858083143044
4.725 0.857721212507
4.730 0.857359923713
4.735 0.856999274955
4.740 0.856639264534
4.745 0.856279890756
4.750 0.855921151935
4.755 0.855563046388
4.760 0.855205572441
4.765 0.854848728426
4.770 0.854492512681
4.775 0.854136923549
4.780 0.85378195938
4.785 0.853427618531
4.790 0.853073899364
4.795 0.852720800246
4.800 0.852368319553
4.805 0.852016455665
4.810 0.851665206967
4.815 0.851314571852
4.820 0.850964548718
4.825 0.85061513597
4.830 0.850266332016
4.835 0.849918135272
4.840 0.849570544161
4.845 0.849223557109
4.850 0.848877172549
4.855 0.848531388919
4.860 0.848186204665
4.865 0.847841618236
4.870 0.847497628089
4.875 0.847154232683
4.880 0.846811430486
4.885 0.846469219971
4.890 0.846127599616
4.895 0.845786567904
4.900 0.845446123323
4.905 0.845106264369
4.910 0.844766989541
4.915 0.844428297344
4.920 0.84409018629
4.925 0.843752654894
4.930 0.843415701677
4.935 0.843079325166
4.940 0.842743523893
4.945 0.842408296396
4.950 0.842073641216
4.955 0.841739556901
4.960 0.841406042004
4.965 0.841073095083
4.970 0.840740714702
4.975 0.840408899427
4.980 0.840077647834
4.985 0.839746958499
4.990 0.839416830007
4.995 0.839087260946
5.000 0.838758249909
5.005 0.838357496651
5.010 0.83795735991
5.015 0.837557838142
5.020 0.837158929811
5.025 0.836760633386
5.030 0.836362947339
5.035 0.835965870149
5.040 0.835569400301
5.045 0.835173536284
5.050 0.834778276594
5.055 0.83438361973
5.060 0.833989564197
5.065 0.833596108506
5.070 0.833203251172
5.075 0.832810990717
5.080 0.832419325666
5.085 0.83202825455
5.090 0.831637775906
5.095 0.831247888274
5.100 0.8308585902
5.105 0.830469880237
5.110 0.83008175694
5.115 0.82969421887
5.120 0.829307264594
5.125 0.828920892682
5.130 0.82853510171
5.135 0.82814989026
5.140 0.827765256916
5.145 0.82738120027
5.150 0.826997718917
5.155 0.826614811457
5.160 0.826232476495
5.165 0.825850712641
5.170 0.825469518508
5.175 0.825088892717
5.180 0.824708833891
5.185 0.824329340658
5.190 0.823950411651
5.195 0.82357204551
5.200 0.823194240875
5.205 0.822816996393
5.210 0.822440310718
5.215 0.822064182503
5.220 0.821688610411
5.225 0.821313593106
5.230 0.820939129258
5.235 0.820565217541
5.240 0.820191856633
5.245 0.819819045219
5.250 0.819446781984
5.255 0.819075065621
5.260 0.818703894826
5.265 0.8183332683
5.270 0.817963184747
5.275 0.817593642877
5.280 0.817224641404
5.285 0.816856179044
5.290 0.816488254521
5.295 0.81612086656
5.300 0.815754013892
5.305 0.815387695252
5.310 0.815021909379
5.315 0.814656655015
5.320 0.814291930909
5.325 0.813927735812
5.330 0.813564068478
5.335 0.813200927669
5.340 0.812838312147
5.345 0.812476220681
5.350 0.812114652042
5.355 0.811753605006
5.360 0.811393078353
5.365 0.811033070868
5.370 0.810673581337
5.375 0.810314608554
5.380 0.809956151313
5.385 0.809598208415
5.390 0.809240778663
5.395 0.808883860864
5.400 0.808527453831
5.405 0.808171556379
5.410 0.807816167327
5.415 0.807461285497
5.420 0.807106909718
5.425 0.806753038818
5.430 0.806399671634
5.435 0.806046807003
5.440 0.805694443767
5.445 0.805342580772
5.450 0.804991216867
5.455 0.804640350906
5.460 0.804289981745
5.465 0.803940108245
5.470 0.803590729271
5.475 0.803241843689
5.480 0.802893450372
5.485 0.802545548195
5.490 0.802198136036
5.495 0.801851212778
5.500 0.801504777306
5.505 0.80115882851
5.510 0.800813365284
5.515 0.800468386523
5.520 0.800123891128
5.525 0.799779878002
5.530 0.799436346053
5.535 0.79909329419
5.540 0.798750721328
5.545 0.798408626384
5.550 0.798067008279
5.555 0.797725865938
5.560 0.797385198287
5.565 0.797045004259
5.570 0.796705282787
5.575 0.79636603281
5.580 0.796027253268
5.585 0.795688943106
5.590 0.795351101272
5.595 0.795013726717
5.600 0.794676818395
5.605 0.794340375264
5.610 0.794004396285
5.615 0.793668880423
5.620 0.793333826644
5.625 0.79299923392
5.630 0.792665101224
5.635 0.792331427534
5.640 0.791998211829
5.645 0.791665453094
5.650 0.791333150315
5.655 0.791001302481
5.660 0.790669908586
5.665 0.790338967626
5.670 0.7900084786
5.675 0.78967844051
5.680 0.789348852361
5.685 0.789019713163
5.690 0.788691021926
5.695 0.788362777666
5.700 0.788034979399
5.705 0.787707626147
5.710 0.787380716933
5.715 0.787054250783
5.720 0.786728226728
5.725 0.7864026438
5.730 0.786077501035
5.735 0.785752797471
5.740 0.78542853215
5.745 0.785104704116
5.750 0.784781312417
5.755 0.784458356103
5.760 0.784135834227
5.765 0.783813745845
5.770 0.783492090016
5.775 0.783170865802
5.780 0.782850072267
5.785 0.78252970848
5.790 0.782209773511
5.795 0.781890266432
5.800 0.781571186319
5.805 0.781252532253
5.810 0.780934303313
5.815 0.780616498584
5.820 0.780299117155
5.825 0.779982158113
5.830 0.779665620553
5.835 0.779349503568
5.840 0.779033806259
5.845 0.778718527724
5.850 0.778403667069
5.855 0.778089223398
5.860 0.777775195821
5.865 0.777461583449
5.870 0.777148385397
5.875 0.776835600782
5.880 0.776523228722
5.885 0.77621126834
5.890 0.775899718762
5.895 0.775588579113
5.900 0.775277848524
5.905 0.774967526129
5.910 0.774657611061
5.915 0.774348102459
5.920 0.774038999462
5.925 0.773730301214
5.930 0.773422006861
5.935 0.773114115549
5.940 0.77280662643
5.945 0.772499538655
5.950 0.772192851382
5.955 0.771886563767
5.960 0.771580674972
5.965 0.771275184158
5.970 0.770970090492
5.975 0.770665393141
5.980 0.770361091275
5.985 0.770057184068
5.990 0.769753670693
5.995 0.76945055033
6.000 0.769147822157
6.005 0.768831320356
6.010 0.768515219917
6.015 0.768199520004
6.020 0.767884219788
6.025 0.767569318438
6.030 0.767254815128
6.035 0.766940709033
6.040 0.766626999332
6.045 0.766313685205
6.050 0.766000765835
6.055 0.765688240406
6.060 0.765376108107
6.065 0.765064368127
6.070 0.764753019658
6.075 0.764442061896
6.080 0.764131494037
6.085 0.763821315279
6.090 0.763511524826
6.095 0.76320212188
6.100 0.762893105648
6.105 0.762584475337
6.110 0.76227623016
6.115 0.761968369328
6.120 0.761660892056
6.125 0.761353797563
6.130 0.761047085068
6.135 0.760740753793
6.140 0.760434802962
6.145 0.760129231801
6.150 0.759824039539
6.155 0.759519225407
6.160 0.759214788637
6.165 0.758910728466
6.170 0.758607044129
6.175 0.758303734867
6.180 0.758000799922
6.185 0.757698238536
6.190 0.757396049957
6.195 0.757094233431
6.200 0.75679278821
6.205 0.756491713546
6.210 0.756191008693
6.215 0.755890672907
6.220 0.755590705448
6.225 0.755291105576
6.230 0.754991872555
6.235 0.754693005647
6.240 0.754394504122
6.245 0.754096367248
6.250 0.753798594296
6.255 0.753501184538
6.260 0.753204137251
6.265 0.752907451712
6.270 0.752611127199
6.275 0.752315162995
6.280 0.752019558381
6.285 0.751724312644
6.290 0.751429425071
6.295 0.751134894951
6.300 0.750840721575
6.305 0.750546904237
6.310 0.750253442231
6.315 0.749960334855
6.320 0.749667581407
6.325 0.74937518119
6.330 0.749083133505
6.335 0.748791437658
6.340 0.748500092956
6.345 0.748209098706
6.350 0.747918454221
6.355 0.747628158812
6.360 0.747338211794
6.365 0.747048612483
6.370 0.746759360198
6.375 0.746470454258
6.380 0.746181893985
6.385 0.745893678704
6.390 0.745605807741
6.395 0.745318280421
6.400 0.745031096076
6.405 0.744744254036
6.410 0.744457753634
6.415 0.744171594205
6.420 0.743885775086
6.425 0.743600295616
6.430 0.743315155134
6.435 0.743030352983
6.440 0.742745888507
6.445 0.742461761052
6.450 0.742177969964
6.455 0.741894514593
6.460 0.741611394291
6.465 0.741328608409
6.470 0.741046156303
6.475 0.740764037329
6.480 0.740482250845
6.485 0.74020079621
6.490 0.739919672787
6.495 0.739638879938
6.500 0.739358417028
6.505 0.739078283424
6.510 0.738798478494
6.515 0.738519001609
6.520 0.73823985214
6.525 0.737961029461
6.530 0.737682532947
6.535 0.737404361974
6.540 0.737126515921
6.545 0.736848994169
6.550 0.736571796099
6.555 0.736294921094
6.560 0.73601836854
6.565 0.735742137823
6.570 0.735466228333
6.575 0.735190639458
6.580 0.734915370591
6.585 0.734640421124
6.590 0.734365790454
6.595 0.734091477975
6.600 0.733817483088
6.605 0.73354380519
6.610 0.733270443684
6.615 0.732997397972
6.620 0.732724667459
6.625 0.732452251551
6.630 0.732180149655
6.635 0.731908361182
6.640 0.73163688554
6.645 0.731365722144
6.650 0.731094870406
6.655 0.730824329742
6.660 0.73055409957
6.665 0.730284179307
6.670 0.730014568374
6.675 0.729745266191
6.680 0.729476272183
6.685 0.729207585774
6.690 0.72893920639
6.695 0.728671133458
6.700 0.728403366408
6.705 0.72813590467
6.710 0.727868747676
6.715 0.72760189486
6.720 0.727335345656
6.725 0.727069099503
6.730 0.726803155836
6.735 0.726537514096
6.740 0.726272173725
6.745 0.726007134163
6.750 0.725742394855
6.755 0.725477955246
6.760 0.725213814783
6.765 0.724949972914
6.770 0.724686429088
6.775 0.724423182758
6.780 0.724160233374
6.785 0.723897580391
6.790 0.723635223263
6.795 0.723373161449
6.800 0.723111394405
6.805 0.722849921592
6.810 0.722588742469
6.815 0.7223278565
6.820 0.722067263147
6.825 0.721806961877
6.830 0.721546952154
6.835 0.721287233448
6.840 0.721027805226
6.845 0.72076866696
6.850 0.720509818122
6.855 0.720251258184
6.860 0.71999298662
6.865 0.719735002908
6.870 0.719477306524
6.875 0.719219896946
6.880 0.718962773655
6.885 0.718705936132
6.890 0.718449383858
6.895 0.718193116319
6.900 0.717937132999
6.905 0.717681433384
6.910 0.717426016962
6.915 0.717170883223
6.920 0.716916031657
6.925 0.716661461755
6.930 0.716407173011
6.935 0.716153164918
6.940 0.715899436972
6.945 0.715645988669
6.950 0.715392819509
6.955 0.715139928989
6.960 0.714887316611
6.965 0.714634981877
6.970 0.714382924289
6.975 0.714131143352
6.980 0.713879638572
6.985 0.713628409454
6.990 0.713377455508
6.995 0.713126776243
7.000 0.712876371169
7.005 0.712628637345
7.010 0.712381175051
7.015 0.712133983804
7.020 0.711887063122
7.025 0.711640412525
7.030 0.711394031532
7.035 0.711147919666
7.040 0.710902076449
7.045 0.710656501406
7.050 0.710411194061
7.055 0.710166153943
7.060 0.709921380577
7.065 0.709676873493
7.070 0.709432632221
7.075 0.709188656293
7.080 0.70894494524
7.085 0.708701498595
7.090 0.708458315895
7.095 0.708215396674
7.100 0.707972740469
7.105 0.707730346819
7.110 0.707488215262
7.115 0.707246345339
7.120 0.707004736593
7.125 0.706763388564
7.130 0.706522300797
7.135 0.706281472837
7.140 0.70604090423
7.145 0.705800594523
7.150 0.705560543264
7.155 0.705320750003
7.160 0.705081214289
7.165 0.704841935675
7.170 0.704602913714
7.175 0.704364147958
7.180 0.704125637962
7.185 0.703887383284
7.190 0.703649383479
7.195 0.703411638105
7.200 0.703174146723
7.205 0.702936908891
7.210 0.702699924172
7.215 0.702463192127
7.220 0.702226712321
7.225 0.701990484317
7.230 0.701754507681
7.235 0.70151878198
7.240 0.701283306782
7.245 0.701048081654
7.250 0.700813106168
7.255 0.700578379893
7.260 0.700343902401
7.265 0.700109673266
7.270 0.69987569206
7.275 0.69964195836
7.280 0.699408471741
7.285 0.69917523178
7.290 0.698942238054
7.295 0.698709490144
7.300 0.698476987628
7.305 0.698244730088
7.310 0.698012717107
7.315 0.697780948266
7.320 0.69754942315
7.325 0.697318141344
7.330 0.697087102434
7.335 0.696856306007
7.340 0.696625751651
7.345 0.696395438955
7.350 0.696165367509
7.355 0.695935536903
7.360 0.695705946731
7.365 0.695476596583
7.370 0.695247486056
7.375 0.695018614742
7.380 0.694789982239
7.385 0.694561588142
7.390 0.69433343205
7.395 0.69410551356
7.400 0.693877832274
7.405 0.69365038779
7.410 0.693423179712
7.415 0.69319620764
7.420 0.692969471179
7.425 0.692742969933
7.430 0.692516703507
7.435 0.692290671507
7.440 0.692064873541
7.445 0.691839309216
7.450 0.691613978141
7.455 0.691388879927
7.460 0.691164014183
7.465 0.690939380523
7.470 0.690714978557
7.475 0.690490807901
7.480 0.690266868168
7.485 0.690043158974
7.490 0.689819679934
7.495 0.689596430667
7.500 0.689373410789
7.505 0.689150619921
7.510 0.688928057681
7.515 0.688705723692
7.520 0.688483617573
7.525 0.688261738947
7.530 0.688040087439
7.535 0.687818662672
7.540 0.687597464271
7.545 0.687376491863
7.550 0.687155745073
7.555 0.686935223531
7.560 0.686714926864
7.565 0.686494854701
7.570 0.686275006674
7.575 0.686055382413
7.580 0.685835981551
7.585 0.685616803719
7.590 0.685397848553
7.595 0.685179115685
7.600 0.684960604753
7.605 0.684742315392
7.610 0.684524247238
7.615 0.684306399931
7.620 0.684088773109
7.625 0.68387136641
7.630 0.683654179477
7.635 0.68343721195
7.640 0.68322046347
7.645 0.683003933682
7.650 0.682787622228
7.655 0.682571528753
7.660 0.682355652903
7.665 0.682139994323
7.670 0.681924552661
7.675 0.681709327564
7.680 0.681494318681
7.685 0.681279525661
7.690 0.681064948154
7.695 0.680850585812
7.700 0.680636438286
7.705 0.680422505229
7.710 0.680208786293
7.715 0.679995281134
7.720 0.679781989405
7.725 0.679568910763
7.730 0.679356044865
7.735 0.679143391366
7.740 0.678930949926
7.745 0.678718720204
7.750 0.678506701858
7.755 0.67829489455
7.760 0.678083297939
7.765 0.677871911689
7.770 0.677660735462
7.775 0.677449768921
7.780 0.67723901173
7.785 0.677028463555
7.790 0.676818124061
7.795 0.676607992914
7.800 0.676398069782
7.805 0.676188354332
7.810 0.675978846234
7.815 0.675769545156
7.820 0.675560450768
7.825 0.675351562743
7.830 0.675142880751
7.835 0.674934404464
7.840 0.674726133557
7.845 0.674518067702
7.850 0.674310206574
7.855 0.674102549849
7.860 0.673895097202
7.865 0.67368784831
7.870 0.673480802851
7.875 0.673273960503
7.880 0.673067320945
7.885 0.672860883856
7.890 0.672654648916
7.895 0.672448615808
7.900 0.672242784211
7.905 0.67203715381
7.910 0.671831724287
7.915 0.671626495326
7.920 0.671421466611
7.925 0.671216637828
7.930 0.671012008662
7.935 0.670807578801
7.940 0.670603347931
7.945 0.670399315741
7.950 0.670195481919
7.955 0.669991846155
7.960 0.669788408139
7.965 0.669585167561
7.970 0.669382124114
7.975 0.669179277488
7.980 0.668976627378
7.985 0.668774173476
7.990 0.668571915476
7.995 0.668369853074
8.000 0.668167985965
8.005 0.667944735467
8.010 0.667721693764
8.015 0.667498860532
8.020 0.667276235451
8.025 0.667053818198
8.030 0.666831608454
8.035 0.666609605899
8.040 0.666387810214
8.045 0.66616622108
8.050 0.665944838181
8.055 0.665723661199
8.060 0.665502689819
8.065 0.665281923723
8.070 0.665061362599
8.075 0.664841006131
8.080 0.664620854007
8.085 0.664400905912
8.090 0.664181161536
8.095 0.663961620567
8.100 0.663742282694
8.105 0.663523147607
8.110 0.663304214996
8.115 0.663085484553
8.120 0.66286695597
8.125 0.662648628939
8.130 0.662430503154
8.135 0.662212578308
8.140 0.661994854096
8.145 0.661777330212
8.150 0.661560006354
8.155 0.661342882218
8.160 0.6611259575
8.165 0.660909231898
8.170 0.660692705111
8.175 0.660476376838
8.180 0.660260246779
8.185 0.660044314634
8.190 0.659828580104
8.195 0.659613042891
8.200 0.659397702696
8.205 0.659182559224
8.210 0.658967612177
8.215 0.65875286126
8.220 0.658538306178
8.225 0.658323946635
8.230 0.658109782338
8.235 0.657895812994
8.240 0.65768203831
8.245 0.657468457994
8.250 0.657255071755
8.255 0.657041879301
8.260 0.656828880343
8.265 0.65661607459
8.270 0.656403461754
8.275 0.656191041547
8.280 0.655978813681
8.285 0.655766777868
8.290 0.655554933822
8.295 0.655343281257
8.300 0.655131819888
8.305 0.65492054943
8.310 0.654709469598
8.315 0.65449858011
8.320 0.654287880682
8.325 0.654077371031
8.330 0.653867050877
8.335 0.653656919938
8.340 0.653446977933
8.345 0.653237224583
8.350 0.653027659607
8.355 0.652818282727
8.360 0.652609093666
8.365 0.652400092144
8.370 0.652191277885
8.375 0.651982650613
8.380 0.651774210051
8.385 0.651565955925
8.390 0.651357887959
8.395 0.651150005879
8.400 0.650942309412
8.405 0.650734798284
8.410 0.650527472223
8.415 0.650320330957
8.420 0.650113374214
8.425 0.649906601725
8.430 0.649700013218
8.435 0.649493608424
8.440 0.649287387073
8.445 0.649081348898
8.450 0.648875493629
8.455 0.648669821
8.460 0.648464330744
8.465 0.648259022594
8.470 0.648053896285
8.475 0.647848951551
8.480 0.647644188127
8.485 0.64743960575
8.490 0.647235204155
8.495 0.647030983079
8.500 0.646826942261
8.505 0.64662226727
8.510 0.646417772493
8.515 0.646213457668
8.520 0.646009322533
8.525 0.645805366829
8.530 0.645601590295
8.535 0.645397992673
8.540 0.645194573702
8.545 0.644991333124
8.550 0.644788270683
8.555 0.64458538612
8.560 0.644382679178
8.565 0.644180149601
8.570 0.643977797135
8.575 0.643775621522
8.580 0.643573622509
8.585 0.643371799841
8.590 0.643170153264
8.595 0.642968682527
8.600 0.642767387374
8.605 0.642566267556
8.610 0.642365322819
8.615 0.642164552914
8.620 0.641963957588
8.625 0.641763536593
8.630 0.641563289678
8.635 0.641363216594
8.640 0.641163317093
8.645 0.640963590927
8.650 0.640764037848
8.655 0.640564657609
8.660 0.640365449963
8.665 0.640166414665
8.670 0.639967551468
8.675 0.639768860128
8.680 0.6395703404
8.685 0.639371992039
8.690 0.639173814803
8.695 0.638975808448
8.700 0.638777972731
8.705 0.63858030741
8.710 0.638382812244
8.715 0.638185486991
8.720 0.637988331411
8.725 0.637791345263
8.730 0.637594528308
8.735 0.637397880306
8.740 0.637201401019
8.745 0.637005090207
8.750 0.636808947635
8.755 0.636612973063
8.760 0.636417166255
8.765 0.636221526975
8.770 0.636026054986
8.775 0.635830750054
8.780 0.635635611943
8.785 0.635440640418
8.790 0.635245835247
8.795 0.635051196194
8.800 0.634856723027
8.805 0.634662415512
8.810 0.634468273419
8.815 0.634274296515
8.820 0.634080484569
8.825 0.633886837349
8.830 0.633693354626
8.835 0.63350003617
8.840 0.63330688175
8.845 0.633113891139
8.850 0.632921064107
8.855 0.632728400427
8.860 0.63253589987
8.865 0.632343562209
8.870 0.632151387218
8.875 0.63195937467
8.880 0.63176752434
8.885 0.631575836001
8.890 0.63138430943
8.895 0.6311929444
8.900 0.631001740689
8.905 0.630810698073
8.910 0.630619816327
8.915 0.63042909523
8.920 0.63023853456
8.925 0.630048134093
8.930 0.629857893609
8.935 0.629667812886
8.940 0.629477891704
8.945 0.629288129843
8.950 0.629098527083
8.955 0.628909083204
8.960 0.628719797988
8.965 0.628530671216
8.970 0.62834170267
8.975 0.628152892133
8.980 0.627964239386
8.985 0.627775744214
8.990 0.6275874064
8.995 0.627399225728
