3.240 3.5413726339
3.245 3.53880334352
3.250 3.53624018493
3.255 3.53368313429
3.260 3.53113216787
3.265 3.52858726209
3.270 3.52604839348
3.275 3.52351553871
3.280 3.52098867456
3.285 3.51846777797
3.290 3.51595282596
3.295 3.51344379571
3.300 3.5109406645
3.305 3.50810274131
3.310 3.50527115418
3.315 3.50244587906
3.320 3.49962689202
3.325 3.49681416929
3.330 3.49400768719
3.335 3.49120742217
3.340 3.48841335083
3.345 3.48562544986
3.350 3.4828436961
3.355 3.48006806651
3.360 3.47729853815
3.365 3.47453508821
3.370 3.47177769402
3.375 3.469026333
3.380 3.4662809827
3.385 3.46354162079
3.390 3.46080822506
3.395 3.45808077341
3.400 3.45535924384
3.405 3.45273180061
3.410 3.45011012138
3.415 3.44749418489
3.420 3.44488397001
3.425 3.44227945573
3.430 3.43968062111
3.435 3.43708744537
3.440 3.43449990779
3.445 3.43191798778
3.450 3.42934166485
3.455 3.42677091861
3.460 3.42420572879
3.465 3.42164607521
3.470 3.41909193779
3.475 3.41654329657
3.480 3.41400013167
3.485 3.41146242332
3.490 3.40893015185
3.495 3.4064032977
3.500 3.40388184139
3.505 3.40136576354
3.510 3.39885504489
3.515 3.39634966626
3.520 3.39384960855
3.525 3.39135485279
3.530 3.38886538009
3.535 3.38638117164
3.540 3.38390220875
3.545 3.3814284728
3.550 3.37895994528
3.555 3.37649660776
3.560 3.37403844191
3.565 3.37158542948
3.570 3.36913755232
3.575 3.36669479237
3.580 3.36425713166
3.585 3.36182455229
3.590 3.35939703648
3.595 3.35697456651
3.600 3.35455712476
3.605 3.35214469369
3.610 3.34973725586
3.615 3.34733479389
3.620 3.34493729051
3.625 3.34254472852
3.630 3.3401570908
3.635 3.33777436033
3.640 3.33539652016
3.645 3.33302355343
3.650 3.33065544335
3.655 3.32829217321
3.660 3.32593372641
3.665 3.32358008639
3.670 3.32123123669
3.675 3.31888716094
3.680 3.31654784282
3.685 3.31421326611
3.690 3.31188341466
3.695 3.30955827241
3.700 3.30723782335
3.705 3.30485488564
3.710 3.30247668877
3.715 3.3001032167
3.720 3.29773445349
3.725 3.29537038326
3.730 3.29301099021
3.735 3.29065625862
3.740 3.28830617284
3.745 3.28596071729
3.750 3.28361987647
3.755 3.28128363496
3.760 3.27895197738
3.765 3.27662488847
3.770 3.274302353
3.775 3.27198435583
3.780 3.26967088189
3.785 3.26736191617
3.790 3.26505744375
3.795 3.26275744975
3.800 3.2604619194
3.805 3.25817083795
3.810 3.25588419076
3.815 3.25360196324
3.820 3.25132414085
3.825 3.24905070916
3.830 3.24678165376
3.835 3.24451696033
3.840 3.24225661463
3.845 3.24000060245
3.850 3.23774890967
3.855 3.23550152223
3.860 3.23325842613
3.865 3.23101960744
3.870 3.22878505228
3.875 3.22655474686
3.880 3.22432867741
3.885 3.22210683027
3.890 3.21988919181
3.895 3.21767574847
3.900 3.21546648676
3.905 3.21326139324
3.910 3.21106045453
3.915 3.20886365732
3.920 3.20667098835
3.925 3.20448243442
3.930 3.2022979824
3.935 3.20011761921
3.940 3.19794133183
3.945 3.1957691073
3.950 3.19360093271
3.955 3.19143679522
3.960 3.18927668204
3.965 3.18712058043
3.970 3.18496847772
3.975 3.18282036129
3.980 3.18067621858
3.985 3.17853603707
3.990 3.17639980432
3.995 3.17426750792
4.000 3.17213913553
4.005 3.17034992148
4.010 3.16856421677
4.015 3.16678201034
4.020 3.16500329121
4.025 3.16322804842
4.030 3.16145627108
4.035 3.15968794833
4.040 3.15792306936
4.045 3.15616162343
4.050 3.15440359983
4.055 3.15264898788
4.060 3.15089777697
4.065 3.14914995654
4.070 3.14740551605
4.075 3.14566444503
4.080 3.14392673305
4.085 3.14219236971
4.090 3.14046134468
4.095 3.13873364765
4.100 3.13700926837
4.105 3.13528819664
4.110 3.13357042227
4.115 3.13185593516
4.120 3.13014472523
4.125 3.12843678243
4.130 3.12673209677
4.135 3.12503065831
4.140 3.12333245714
4.145 3.12163748339
4.150 3.11994572724
4.155 3.11825717891
4.160 3.11657182866
4.165 3.11488966679
4.170 3.11321068364
4.175 3.1115348696
4.180 3.1098622151
4.185 3.10819271058
4.190 3.10652634657
4.195 3.10486311361
4.200 3.10320300228
4.205 3.10154600321
4.210 3.09989210706
4.215 3.09824130453
4.220 3.09659358637
4.225 3.09494894335
4.230 3.09330736631
4.235 3.09166884608
4.240 3.09003337358
4.245 3.08840093973
4.250 3.08677153551
4.255 3.08514515192
4.260 3.08352178002
4.265 3.08190141088
4.270 3.08028403562
4.275 3.07866964541
4.280 3.07705823144
4.285 3.07544978493
4.290 3.07384429715
4.295 3.07224175941
4.300 3.07064216305
4.305 3.06904549943
4.310 3.06745175996
4.315 3.0658609361
4.320 3.06427301931
4.325 3.06268800112
4.330 3.06110587307
4.335 3.05952662674
4.340 3.05795025376
4.345 3.05637674577
4.350 3.05480609446
4.355 3.05323829154
4.360 3.05167332878
4.365 3.05011119796
4.370 3.04855189089
4.375 3.04699539943
4.380 3.04544171547
4.385 3.04389083091
4.390 3.04234273773
4.395 3.04079742788
4.400 3.0392548934
4.405 3.03771512633
4.410 3.03617811875
4.415 3.03464386276
4.420 3.03311235051
4.425 3.03158357418
4.430 3.03005752597
4.435 3.02853419812
4.440 3.02701358289
4.445 3.02549567258
4.450 3.02398045951
4.455 3.02246793606
4.460 3.0209580946
4.465 3.01945092756
4.470 3.01794642738
4.475 3.01644458655
4.480 3.01494539756
4.485 3.01344885297
4.490 3.01195494534
4.495 3.01046366726
4.500 3.00897501137
4.505 3.00748897031
4.510 3.00600553676
4.515 3.00452470345
4.520 3.00304646312
4.525 3.00157080852
4.530 3.00009773246
4.535 2.99862722776
4.540 2.99715928728
4.545 2.9956939039
4.550 2.99423107053
4.555 2.9927707801
4.560 2.99131302557
4.565 2.98985779994
4.570 2.98840509623
4.575 2.98695490747
4.580 2.98550722675
4.585 2.98406204716
4.590 2.98261936182
4.595 2.98117916389
4.600 2.97974144654
4.605 2.97830620298
4.610 2.97687342644
4.615 2.97544311017
4.620 2.97401524745
4.625 2.9725898316
4.630 2.97116685595
4.635 2.96974631385
4.640 2.96832819868
4.645 2.96691250386
4.650 2.96549922282
4.655 2.96408834902
4.660 2.96267987594
4.665 2.9612737971
4.670 2.95987010601
4.675 2.95846879624
4.680 2.95706986138
4.685 2.95567329502
4.690 2.9542790908
4.695 2.95288724237
4.700 2.95149774341
4.705 2.95011058762
4.710 2.94872576872
4.715 2.94734328047
4.720 2.94596311663
4.725 2.944585271
4.730 2.9432097374
4.735 2.94183650967
4.740 2.94046558168
4.745 2.9390969473
4.750 2.93773060046
4.755 2.93636653508
4.760 2.93500474512
4.765 2.93364522455
4.770 2.93228796739
4.775 2.93093296764
4.780 2.92958021935
4.785 2.92822971659
4.790 2.92688145345
4.795 2.92553542403
4.800 2.92419162247
4.805 2.92285004292
4.810 2.92151067956
4.815 2.92017352657
4.820 2.91883857818
4.825 2.91750582863
4.830 2.91617527218
4.835 2.9148469031
4.840 2.91352071569
4.845 2.91219670429
4.850 2.91087486322
4.855 2.90955518686
4.860 2.90823766959
4.865 2.90692230581
4.870 2.90560908994
4.875 2.90429801644
4.880 2.90298907976
4.885 2.90168227439
4.890 2.90037759483
4.895 2.89907503562
4.900 2.89777459129
4.905 2.8964762564
4.910 2.89518002555
4.915 2.89388589333
4.920 2.89259385436
4.925 2.89130390329
4.930 2.89001603478
4.935 2.8887302435
4.940 2.88744652416
4.945 2.88616487148
4.950 2.88488528018
4.955 2.88360774503
4.960 2.8823322608
4.965 2.88105882228
4.970 2.87978742428
4.975 2.87851806164
4.980 2.8772507292
4.985 2.87598542182
4.990 2.87472213439
4.995 2.87346086182
5.000 2.87220159902
5.005 2.87075603396
5.010 2.86931264941
5.015 2.86787143994
5.020 2.86643240012
5.025 2.86499552455
5.030 2.86356080784
5.035 2.86212824463
5.040 2.86069782955
5.045 2.8592695573
5.050 2.85784342255
5.055 2.85641942001
5.060 2.85499754441
5.065 2.8535777905
5.070 2.85216015302
5.075 2.85074462678
5.080 2.84933120655
5.085 2.84791988717
5.090 2.84651066346
5.095 2.84510353028
5.100 2.8436984825
5.105 2.842295515
5.110 2.8408946227
5.115 2.8394958005
5.120 2.83809904336
5.125 2.83670434623
5.130 2.83531170408
5.135 2.83392111192
5.140 2.83253256474
5.145 2.83114605757
5.150 2.82976158546
5.155 2.82837914347
5.160 2.82699872667
5.165 2.82562033016
5.170 2.82424394904
5.175 2.82286957845
5.180 2.82149721353
5.185 2.82012684944
5.190 2.81875848135
5.195 2.81739210446
5.200 2.81602771398
5.205 2.81466530513
5.210 2.81330487315
5.215 2.8119464133
5.220 2.81058992086
5.225 2.80923539111
5.230 2.80788281935
5.235 2.80653220092
5.240 2.80518353114
5.245 2.80383680537
5.250 2.80249201897
5.255 2.80114916733
5.260 2.79980824585
5.265 2.79846924994
5.270 2.79713217502
5.275 2.79579701656
5.280 2.79446376999
5.285 2.79313243081
5.290 2.79180299449
5.295 2.79047545655
5.300 2.7891498125
5.305 2.78782605787
5.310 2.78650418823
5.315 2.78518419912
5.320 2.78386608614
5.325 2.78254984486
5.330 2.78123547091
5.335 2.7799229599
5.340 2.77861230746
5.345 2.77730350926
5.350 2.77599656096
5.355 2.77469145822
5.360 2.77338819676
5.365 2.77208677227
5.370 2.77078718048
5.375 2.76948941713
5.380 2.76819347796
5.385 2.76689935873
5.390 2.76560705523
5.395 2.76431656325
5.400 2.76302787858
5.405 2.76174099706
5.410 2.76045591451
5.415 2.75917262677
5.420 2.75789112971
5.425 2.75661141919
5.430 2.75533349111
5.435 2.75405734137
5.440 2.75278296587
5.445 2.75151036054
5.450 2.75023952132
5.455 2.74897044416
5.460 2.74770312503
5.465 2.7464375599
5.470 2.74517374477
5.475 2.74391167563
5.480 2.74265134851
5.485 2.74139275943
5.490 2.74013590444
5.495 2.73888077959
5.500 2.73762738095
5.505 2.73637570459
5.510 2.73512574662
5.515 2.73387750312
5.520 2.73263097023
5.525 2.73138614406
5.530 2.73014302077
5.535 2.72890159651
5.540 2.72766186743
5.545 2.72642382972
5.550 2.72518747958
5.555 2.7239528132
5.560 2.72271982679
5.565 2.72148851659
5.570 2.72025887882
5.575 2.71903090975
5.580 2.71780460564
5.585 2.71657996274
5.590 2.71535697737
5.595 2.7141356458
5.600 2.71291596434
5.605 2.71169792933
5.610 2.71048153708
5.615 2.70926678395
5.620 2.70805366629
5.625 2.70684218046
5.630 2.70563232284
5.635 2.70442408982
5.640 2.70321747779
5.645 2.70201248318
5.650 2.7008091024
5.655 2.69960733189
5.660 2.69840716808
5.665 2.69720860745
5.670 2.69601164644
5.675 2.69481628154
5.680 2.69362250924
5.685 2.69243032604
5.690 2.69123972844
5.695 2.69005071297
5.700 2.68886327616
5.705 2.68767741455
5.710 2.68649312469
5.715 2.68531040315
5.720 2.6841292465
5.725 2.68294965132
5.730 2.68177161422
5.735 2.68059513178
5.740 2.67942020064
5.745 2.67824681742
5.750 2.67707497874
5.755 2.67590468127
5.760 2.67473592165
5.765 2.67356869655
5.770 2.67240300265
5.775 2.67123883664
5.780 2.67007619522
5.785 2.66891507508
5.790 2.66775547296
5.795 2.66659738557
5.800 2.66544080965
5.805 2.66428574195
5.810 2.66313217923
5.815 2.66198011826
5.820 2.6608295558
5.825 2.65968048865
5.830 2.6585329136
5.835 2.65738682745
5.840 2.65624222703
5.845 2.65509910916
5.850 2.65395747066
5.855 2.65281730839
5.860 2.6516786192
5.865 2.65054139994
5.870 2.6494056475
5.875 2.64827135875
5.880 2.64713853059
5.885 2.6460071599
5.890 2.64487724361
5.895 2.64374877863
5.900 2.64262176189
5.905 2.64149619032
5.910 2.64037206087
5.915 2.6392493705
5.920 2.63812811616
5.925 2.63700829484
5.930 2.63588990351
5.935 2.63477293916
5.940 2.63365739879
5.945 2.63254327942
5.950 2.63143057805
5.955 2.63031929172
5.960 2.62920941746
5.965 2.62810095231
5.970 2.62699389333
5.975 2.62588823757
5.980 2.62478398211
5.985 2.62368112402
5.990 2.62257966039
5.995 2.62147958832
6.000 2.6203809049
6.005 2.61928257717
6.010 2.61818563316
6.015 2.61709007
6.020 2.61599588482
6.025 2.61490307477
6.030 2.61381163701
6.035 2.61272156868
6.040 2.61163286697
6.045 2.61054552904
6.050 2.60945955209
6.055 2.60837493331
6.060 2.60729166989
6.065 2.60620975905
6.070 2.60512919801
6.075 2.60404998399
6.080 2.60297211423
6.085 2.60189558596
6.090 2.60082039644
6.095 2.59974654293
6.100 2.59867402269
6.105 2.59760283299
6.110 2.59653297111
6.115 2.59546443435
6.120 2.59439722001
6.125 2.59333132538
6.130 2.59226674777
6.135 2.59120348452
6.140 2.59014153294
6.145 2.58908089037
6.150 2.58802155416
6.155 2.58696352165
6.160 2.58590679021
6.165 2.58485135719
6.170 2.58379721997
6.175 2.58274437594
6.180 2.58169282247
6.185 2.58064255698
6.190 2.57959357684
6.195 2.57854587949
6.200 2.57749946233
6.205 2.5764543228
6.210 2.57541045831
6.215 2.57436786632
6.220 2.57332654426
6.225 2.5722864896
6.230 2.57124769979
6.235 2.5702101723
6.240 2.5691739046
6.245 2.56813889418
6.250 2.56710513853
6.255 2.56607263515
6.260 2.56504138153
6.265 2.56401137519
6.270 2.56298261364
6.275 2.56195509441
6.280 2.56092881503
6.285 2.55990377304
6.290 2.55887996598
6.295 2.55785739141
6.300 2.55683604688
6.305 2.55581592996
6.310 2.55479703822
6.315 2.55377936924
6.320 2.5527629206
6.325 2.55174768991
6.330 2.55073367475
6.335 2.54972087273
6.340 2.54870928147
6.345 2.54769889858
6.350 2.54668972169
6.355 2.54568174843
6.360 2.54467497644
6.365 2.54366940336
6.370 2.54266502685
6.375 2.54166184457
6.380 2.54065985417
6.385 2.53965905334
6.390 2.53865943974
6.395 2.53766101106
6.400 2.53666376499
6.405 2.53566769923
6.410 2.53467281148
6.415 2.53367909944
6.420 2.53268656084
6.425 2.5316951934
6.430 2.53070499483
6.435 2.52971596289
6.440 2.52872809529
6.445 2.52774138981
6.450 2.52675584417
6.455 2.52577145615
6.460 2.52478822351
6.465 2.52380614401
6.470 2.52282521544
6.475 2.52184543558
6.480 2.52086680221
6.485 2.51988931313
6.490 2.51891296614
6.495 2.51793775905
6.500 2.51696368967
6.505 2.51599075582
6.510 2.51501895532
6.515 2.51404828601
6.520 2.51307874571
6.525 2.51211033227
6.530 2.51114304354
6.535 2.51017687737
6.540 2.50921183161
6.545 2.50824790415
6.550 2.50728509284
6.555 2.50632339555
6.560 2.50536281019
6.565 2.50440333462
6.570 2.50344496675
6.575 2.50248770447
6.580 2.50153154568
6.585 2.5005764883
6.590 2.49962253025
6.595 2.49866966944
6.600 2.4977179038
6.605 2.49676723126
6.610 2.49581764976
6.615 2.49486915724
6.620 2.49392175166
6.625 2.49297543096
6.630 2.4920301931
6.635 2.49108603606
6.640 2.49014295779
6.645 2.48920095628
6.650 2.4882600295
6.655 2.48732017545
6.660 2.48638139211
6.665 2.48544367748
6.670 2.48450702957
6.675 2.48357144637
6.680 2.4826369259
6.685 2.48170346619
6.690 2.48077106524
6.695 2.4798397211
6.700 2.47890943179
6.705 2.47798019535
6.710 2.47705200983
6.715 2.47612487328
6.720 2.47519878374
6.725 2.47427373928
6.730 2.47334973796
6.735 2.47242677785
6.740 2.47150485702
6.745 2.47058397355
6.750 2.46966412554
6.755 2.46874531105
6.760 2.4678275282
6.765 2.46691077507
6.770 2.46599504978
6.775 2.46508035043
6.780 2.46416667513
6.785 2.463254022
6.790 2.46234238917
6.795 2.46143177476
6.800 2.46052217691
6.805 2.45961359375
6.810 2.45870602343
6.815 2.45779946409
6.820 2.45689391389
6.825 2.45598937098
6.830 2.45508583353
6.835 2.4541832997
6.840 2.45328176766
6.845 2.45238123558
6.850 2.45148170166
6.855 2.45058316407
6.860 2.449685621
6.865 2.44878907064
6.870 2.44789351121
6.875 2.44699894089
6.880 2.44610535789
6.885 2.44521276044
6.890 2.44432114675
6.895 2.44343051503
6.900 2.44254086352
6.905 2.44165219044
6.910 2.44076449403
6.915 2.43987777254
6.920 2.43899202419
6.925 2.43810724726
6.930 2.43722343997
6.935 2.4363406006
6.940 2.43545872741
6.945 2.43457781865
6.950 2.43369787261
6.955 2.43281888756
6.960 2.43194086177
6.965 2.43106379353
6.970 2.43018768113
6.975 2.42931252286
6.980 2.42843831701
6.985 2.4275650619
6.990 2.42669275581
6.995 2.42582139707
7.000 2.42495098398
7.005 2.42411532699
7.010 2.42328058867
7.015 2.4224467674
7.020 2.42161386155
7.025 2.42078186949
7.030 2.4199507896
7.035 2.41912062025
7.040 2.41829135983
7.045 2.41746300674
7.050 2.41663555936
7.055 2.4158090161
7.060 2.41498337535
7.065 2.41415863552
7.070 2.41333479502
7.075 2.41251185226
7.080 2.41168980565
7.085 2.41086865363
7.090 2.41004839461
7.095 2.40922902702
7.100 2.40841054931
7.105 2.40759295989
7.110 2.40677625721
7.115 2.40596043973
7.120 2.40514550587
7.125 2.40433145411
7.130 2.40351828288
7.135 2.40270599066
7.140 2.40189457591
7.145 2.40108403709
7.150 2.40027437267
7.155 2.39946558113
7.160 2.39865766094
7.165 2.3978506106
7.170 2.39704442857
7.175 2.39623911337
7.180 2.39543466346
7.185 2.39463107737
7.190 2.39382835357
7.195 2.39302649059
7.200 2.39222548692
7.205 2.39142534108
7.210 2.39062605158
7.215 2.38982761694
7.220 2.38903003569
7.225 2.38823330635
7.230 2.38743742744
7.235 2.38664239751
7.240 2.38584821509
7.245 2.38505487871
7.250 2.38426238693
7.255 2.38347073829
7.260 2.38267993134
7.265 2.38188996463
7.270 2.38110083673
7.275 2.38031254619
7.280 2.37952509158
7.285 2.37873847146
7.290 2.37795268441
7.295 2.37716772901
7.300 2.37638360382
7.305 2.37560030744
7.310 2.37481783845
7.315 2.37403619543
7.320 2.37325537699
7.325 2.37247538171
7.330 2.37169620819
7.335 2.37091785504
7.340 2.37014032085
7.345 2.36936360425
7.350 2.36858770384
7.355 2.36781261824
7.360 2.36703834606
7.365 2.36626488593
7.370 2.36549223647
7.375 2.36472039631
7.380 2.36394936409
7.385 2.36317913844
7.390 2.36240971799
7.395 2.36164110139
7.400 2.36087328729
7.405 2.36010627432
7.410 2.35934006115
7.415 2.35857464642
7.420 2.3578100288
7.425 2.35704620695
7.430 2.35628317952
7.435 2.35552094519
7.440 2.35475950262
7.445 2.3539988505
7.450 2.35323898749
7.455 2.35247991227
7.460 2.35172162354
7.465 2.35096411997
7.470 2.35020740025
7.475 2.34945146307
7.480 2.34869630714
7.485 2.34794193114
7.490 2.34718833378
7.495 2.34643551377
7.500 2.3456834698
7.505 2.3449322006
7.510 2.34418170487
7.515 2.34343198133
7.520 2.3426830287
7.525 2.3419348457
7.530 2.34118743106
7.535 2.3404407835
7.540 2.33969490176
7.545 2.33894978456
7.550 2.33820543066
7.555 2.33746183878
7.560 2.33671900767
7.565 2.33597693608
7.570 2.33523562275
7.575 2.33449506644
7.580 2.3337552659
7.585 2.33301621988
7.590 2.33227792716
7.595 2.33154038648
7.600 2.33080359662
7.605 2.33006755635
7.610 2.32933226444
7.615 2.32859771965
7.620 2.32786392078
7.625 2.3271308666
7.630 2.32639855589
7.635 2.32566698743
7.640 2.32493616003
7.645 2.32420607246
7.650 2.32347672352
7.655 2.32274811201
7.660 2.32202023673
7.665 2.32129309648
7.670 2.32056669007
7.675 2.3198410163
7.680 2.31911607399
7.685 2.31839186194
7.690 2.31766837898
7.695 2.31694562391
7.700 2.31622359557
7.705 2.31550229278
7.710 2.31478171436
7.715 2.31406185915
7.720 2.31334272597
7.725 2.31262431366
7.730 2.31190662106
7.735 2.31118964701
7.740 2.31047339035
7.745 2.30975784992
7.750 2.30904302457
7.755 2.30832891316
7.760 2.30761551454
7.765 2.30690282756
7.770 2.30619085107
7.775 2.30547958395
7.780 2.30476902506
7.785 2.30405917325
7.790 2.30335002741
7.795 2.30264158639
7.800 2.30193384908
7.805 2.30122681434
7.810 2.30052048107
7.815 2.29981484814
7.820 2.29910991442
7.825 2.29840567882
7.830 2.29770214022
7.835 2.2969992975
7.840 2.29629714957
7.845 2.29559569532
7.850 2.29489493364
7.855 2.29419486345
7.860 2.29349548363
7.865 2.2927967931
7.870 2.29209879077
7.875 2.29140147555
7.880 2.29070484635
7.885 2.29000890208
7.890 2.28931364166
7.895 2.28861906403
7.900 2.28792516808
7.905 2.28723195277
7.910 2.286539417
7.915 2.28584755971
7.920 2.28515637983
7.925 2.2844658763
7.930 2.28377604806
7.935 2.28308689404
7.940 2.28239841318
7.945 2.28171060444
7.950 2.28102346675
7.955 2.28033699907
7.960 2.27965120034
7.965 2.27896606952
7.970 2.27828160557
7.975 2.27759780744
7.980 2.2769146741
7.985 2.2762322045
7.990 2.27555039761
7.995 2.2748692524
8.000 2.27418876784
8.005 2.27369588338
8.010 2.27320352607
8.015 2.27271169505
8.020 2.2722203895
8.025 2.27172960857
8.030 2.27123935144
8.035 2.27074961727
8.040 2.27026040523
8.045 2.2697717145
8.050 2.26928354425
8.055 2.26879589366
8.060 2.2683087619
8.065 2.26782214815
8.070 2.26733605159
8.075 2.26685047141
8.080 2.26636540679
8.085 2.26588085693
8.090 2.26539682099
8.095 2.26491329819
8.100 2.2644302877
8.105 2.26394778873
8.110 2.26346580047
8.115 2.26298432211
8.120 2.26250335286
8.125 2.26202289191
8.130 2.26154293847
8.135 2.26106349175
8.140 2.26058455094
8.145 2.26010611526
8.150 2.25962818392
8.155 2.25915075612
8.160 2.25867383109
8.165 2.25819740803
8.170 2.25772148616
8.175 2.2572460647
8.180 2.25677114288
8.185 2.2562967199
8.190 2.255822795
8.195 2.25534936739
8.200 2.25487643632
8.205 2.254404001
8.210 2.25393206066
8.215 2.25346061454
8.220 2.25298966186
8.225 2.25251920188
8.230 2.25204923381
8.235 2.2515797569
8.240 2.25111077039
8.245 2.25064227352
8.250 2.25017426554
8.255 2.24970674568
8.260 2.2492397132
8.265 2.24877316734
8.270 2.24830710735
8.275 2.24784153249
8.280 2.247376442
8.285 2.24691183515
8.290 2.24644771118
8.295 2.24598406936
8.300 2.24552090894
8.305 2.24505822919
8.310 2.24459602936
8.315 2.24413430873
8.320 2.24367306655
8.325 2.2432123021
8.330 2.24275201464
8.335 2.24229220345
8.340 2.24183286779
8.345 2.24137400694
8.350 2.24091562017
8.355 2.24045770677
8.360 2.240000266
8.365 2.23954329715
8.370 2.2390867995
8.375 2.23863077233
8.380 2.23817521493
8.385 2.23772012658
8.390 2.23726550657
8.395 2.23681135419
8.400 2.23635766872
8.405 2.23590444947
8.410 2.23545169572
8.415 2.23499940676
8.420 2.2345475819
8.425 2.23409622043
8.430 2.23364532165
8.435 2.23319488487
8.440 2.23274490938
8.445 2.23229539448
8.450 2.23184633949
8.455 2.23139774371
8.460 2.23094960644
8.465 2.230501927
8.470 2.2300547047
8.475 2.22960793884
8.480 2.22916162876
8.485 2.22871577375
8.490 2.22827037313
8.495 2.22782542623
