0.500 2.67852773998
0.505 2.66520745984
0.510 2.65218666924
0.515 2.63945496938
0.520 2.62700249692
0.525 2.61481988831
0.530 2.60289824703
0.535 2.59225436929
0.540 2.58184718482
0.545 2.57166929381
0.550 2.56171364546
0.555 2.55197351678
0.560 2.54244249305
0.565 2.5314061169
0.570 2.52057792886
0.575 2.50995195826
0.580 2.49952249138
0.585 2.48928405711
0.590 2.47923141366
0.595 2.46935953619
0.600 2.45966360519
0.605 2.4507115474
0.610 2.44191532227
0.615 2.43327079324
0.620 2.42477398374
0.625 2.41642106911
0.630 2.40820836906
0.635 2.40013234057
0.640 2.39218957126
0.645 2.3843767731
0.650 2.37669077649
0.655 2.36912852479
0.660 2.361687069
0.665 2.3543635629
0.670 2.34715525836
0.675 2.34005950094
0.680 2.33307372576
0.685 2.32619545357
0.690 2.31942228703
0.695 2.31275190721
0.700 2.30618207024
0.705 2.2992349616
0.710 2.29238886137
0.715 2.28564166387
0.720 2.27899132898
0.725 2.27243587944
0.730 2.26597339838
0.735 2.25960202694
0.740 2.25331996196
0.745 2.24712545389
0.750 2.24101680471
0.755 2.23499236593
0.760 2.2290505368
0.765 2.22318976249
0.770 2.2174085324
0.775 2.21170537854
0.780 2.20607887399
0.785 2.20052763143
0.790 2.19505030173
0.795 2.1896455726
0.800 2.18431216727
0.805 2.17871319657
0.810 2.17318170553
0.815 2.1677164931
0.820 2.16231638936
0.825 2.15698025449
0.830 2.1517069777
0.835 2.14649547635
0.840 2.14134469498
0.845 2.13625360443
0.850 2.131221201
0.855 2.1262465056
0.860 2.12132856304
0.865 2.11646644117
0.870 2.11165923028
0.875 2.10690604228
0.880 2.10220601013
0.885 2.09755828713
0.890 2.09296204636
0.895 2.08841648001
0.900 2.08392079887
0.905 2.07831222707
0.910 2.07275618498
0.915 2.06725185852
0.920 2.06179845166
0.925 2.0563951858
0.930 2.05104129937
0.935 2.04573604727
0.940 2.04047870048
0.945 2.03526854551
0.950 2.03010488407
0.955 2.02498703257
0.960 2.01991432177
0.965 2.01488609635
0.970 2.00990171457
0.975 2.00496054786
0.980 2.00006198051
0.985 1.99520540928
0.990 1.99039024312
0.995 1.98561590284
1.000 1.98088182075
1.005 1.97567114679
1.010 1.97050200144
1.015 1.96537382002
1.020 1.96028604877
1.025 1.95523814458
1.030 1.95022957475
1.035 1.94525981672
1.040 1.9403283578
1.045 1.93543469496
1.050 1.93057833456
1.055 1.92575879214
1.060 1.9209755922
1.065 1.91622826797
1.070 1.91151636121
1.075 1.90683942202
1.080 1.90219700861
1.085 1.89758868713
1.090 1.8930140315
1.095 1.8884726232
1.100 1.8839640511
1.105 1.87964770233
1.110 1.87536267794
1.115 1.87110859576
1.120 1.86688508027
1.125 1.86269176239
1.130 1.85852827937
1.135 1.85439427467
1.140 1.85028939775
1.145 1.84621330403
1.150 1.84216565468
1.155 1.83814611655
1.160 1.834154362
1.165 1.83019006884
1.170 1.82625292013
1.175 1.82234260417
1.180 1.8184588143
1.185 1.81460124882
1.190 1.81076961094
1.195 1.80696360857
1.200 1.80318295434
1.205 1.7994235032
1.210 1.79568885491
1.215 1.79197873533
1.220 1.78829287462
1.225 1.78463100713
1.230 1.78099287134
1.235 1.77737820978
1.240 1.77378676891
1.245 1.77021829907
1.250 1.76667255443
1.255 1.76314929285
1.260 1.75964827587
1.265 1.75616926858
1.270 1.75271203961
1.275 1.74927636101
1.280 1.74586200822
1.285 1.74246875998
1.290 1.73909639829
1.295 1.73574470834
1.300 1.73241347841
1.305 1.72885631548
1.310 1.72532009233
1.315 1.72180459805
1.320 1.71830962472
1.325 1.71483496739
1.330 1.71138042401
1.335 1.70794579537
1.340 1.70453088504
1.345 1.70113549935
1.350 1.69775944732
1.355 1.69440254061
1.360 1.69106459347
1.365 1.68774542272
1.370 1.68444484766
1.375 1.68116269007
1.380 1.67789877414
1.385 1.67465292643
1.390 1.67142497584
1.395 1.66821475355
1.400 1.66502209301
1.405 1.66259643662
1.410 1.66018528279
1.415 1.65778849417
1.420 1.65540593525
1.425 1.65303747232
1.430 1.6506829734
1.435 1.64834230828
1.440 1.6460153484
1.445 1.64370196692
1.450 1.64140203862
1.455 1.6391154399
1.460 1.63684204875
1.465 1.63458174471
1.470 1.63233440889
1.475 1.63009992387
1.480 1.62787817375
1.485 1.62566904408
1.490 1.62347242185
1.495 1.62128819546
1.500 1.61911625471
1.505 1.61663063116
1.510 1.61415826186
1.515 1.61169903168
1.520 1.60925282686
1.525 1.60681953506
1.530 1.60439904529
1.535 1.6019912479
1.540 1.59959603457
1.545 1.59721329827
1.550 1.59484293325
1.555 1.59248483504
1.560 1.59013890039
1.565 1.58780502728
1.570 1.5854831149
1.575 1.58317306361
1.580 1.58087477494
1.585 1.57858815159
1.590 1.57631309736
1.595 1.5740495172
1.600 1.57179731713
1.605 1.56860495577
1.610 1.56542627373
1.615 1.56226116039
1.620 1.55910950636
1.625 1.55597120346
1.630 1.55284614476
1.635 1.54973422447
1.640 1.54663533802
1.645 1.54354938197
1.650 1.54047625403
1.655 1.53741585303
1.660 1.53436807891
1.665 1.53133283269
1.670 1.52831001649
1.675 1.52529953348
1.680 1.52230128787
1.685 1.51931518491
1.690 1.51634113086
1.695 1.51337903298
1.700 1.51042879954
1.705 1.50859334158
1.710 1.50676678491
1.715 1.50494906135
1.720 1.50314010346
1.725 1.5013398445
1.730 1.49954821846
1.735 1.49776516002
1.740 1.49599060455
1.745 1.49422448811
1.750 1.49246674742
1.755 1.49071731988
1.760 1.48897614354
1.765 1.48724315708
1.770 1.48551829983
1.775 1.48380151175
1.780 1.48209273341
1.785 1.48039190601
1.790 1.47869897134
1.795 1.47701387178
1.800 1.47533655032
1.805 1.47373220807
1.810 1.4721353277
1.815 1.47054585517
1.820 1.46896373701
1.825 1.46738892027
1.830 1.46582135253
1.835 1.46426098191
1.840 1.46270775702
1.845 1.46116162702
1.850 1.45962254155
1.855 1.45809045074
1.860 1.45656530525
1.865 1.45504705617
1.870 1.45353565513
1.875 1.45203105419
1.880 1.45053320589
1.885 1.44904206324
1.890 1.44755757969
1.895 1.44607970916
1.900 1.44460840601
1.905 1.44205336453
1.910 1.43950726218
1.915 1.43697003824
1.920 1.43444163255
1.925 1.43192198549
1.930 1.42941103803
1.935 1.42690873166
1.940 1.42441500841
1.945 1.42192981086
1.950 1.4194530821
1.955 1.41698476575
1.960 1.41452480594
1.965 1.41207314732
1.970 1.40962973502
1.975 1.40719451468
1.980 1.40476743244
1.985 1.40234843491
1.990 1.39993746917
1.995 1.3975344828
2.000 1.39513942383
2.005 1.39403730098
2.010 1.3929400315
2.015 1.39184758322
2.020 1.39075992422
2.025 1.38967702291
2.030 1.38859884798
2.035 1.38752536839
2.040 1.3864565534
2.045 1.38539237252
2.050 1.38433279557
2.055 1.38327779261
2.060 1.38222733399
2.065 1.3811813903
2.070 1.38013993242
2.075 1.37910293148
2.080 1.37807035885
2.085 1.37704218618
2.090 1.37601838534
2.095 1.37499892847
2.100 1.37398378795
2.105 1.37254486222
2.110 1.3711114091
2.115 1.3696833952
2.120 1.3682607874
2.125 1.36684355287
2.130 1.36543165907
2.135 1.36402507372
2.140 1.36262376481
2.145 1.36122770063
2.150 1.35983684969
2.155 1.35845118081
2.160 1.35707066304
2.165 1.3556952657
2.170 1.35432495837
2.175 1.35295971087
2.180 1.35159949329
2.185 1.35024427595
2.190 1.34889402941
2.195 1.3475487245
2.200 1.34620833227
2.205 1.34432093238
2.210 1.34243948931
2.215 1.34056396869
2.220 1.33869433646
2.225 1.33683055881
2.230 1.33497260221
2.235 1.3331204334
2.240 1.33127401936
2.245 1.32943332738
2.250 1.32759832497
2.255 1.32576897991
2.260 1.32394526023
2.265 1.32212713422
2.270 1.32031457043
2.275 1.31850753762
2.280 1.31670600482
2.285 1.31490994131
2.290 1.31311931659
2.295 1.3113341004
2.300 1.30955426272
2.305 1.30817637458
2.310 1.30680309969
2.315 1.30543441261
2.320 1.30407028809
2.325 1.30271070108
2.330 1.30135562672
2.335 1.30000504034
2.340 1.29865891748
2.345 1.29731723383
2.350 1.2959799653
2.355 1.29464708797
2.360 1.29331857809
2.365 1.29199441211
2.370 1.29067456664
2.375 1.28935901849
2.380 1.28804774463
2.385 1.2867407222
2.390 1.28543792851
2.395 1.28413934105
2.400 1.28284493749
2.405 1.28164717542
2.410 1.28045336229
2.415 1.27926347717
2.420 1.27807749926
2.425 1.27689540793
2.430 1.2757171827
2.435 1.27454280324
2.440 1.27337224937
2.445 1.27220550105
2.450 1.27104253841
2.455 1.2698833417
2.460 1.26872789132
2.465 1.26757616784
2.470 1.26642815192
2.475 1.2652838244
2.480 1.26414316626
2.485 1.26300615859
2.490 1.26187278263
2.495 1.26074301976
2.500 1.25961685149
2.505 1.25876871858
2.510 1.25792352146
2.515 1.25708124482
2.520 1.25624187347
2.525 1.25540539233
2.530 1.25457178641
2.535 1.25374104085
2.540 1.25291314087
2.545 1.25208807183
2.550 1.25126581916
2.555 1.25044636842
2.560 1.24962970525
2.565 1.24881581541
2.570 1.24800468476
2.575 1.24719629923
2.580 1.2463906449
2.585 1.24558770789
2.590 1.24478747448
2.595 1.24398993099
2.600 1.24319506386
2.605 1.24201323485
2.610 1.24083486848
2.615 1.23965994792
2.620 1.23848845648
2.625 1.23732037758
2.630 1.23615569475
2.635 1.23499439162
2.640 1.23383645194
2.645 1.23268185959
2.650 1.23153059852
2.655 1.23038265282
2.660 1.22923800667
2.665 1.22809664436
2.670 1.22695855028
2.675 1.22582370893
2.680 1.22469210492
2.685 1.22356372295
2.690 1.22243854783
2.695 1.22131656446
2.700 1.22019775785
2.705 1.21914813534
2.710 1.21810154403
2.715 1.21705796969
2.720 1.21601739822
