11.000 0.208475102005
11.005 0.208428730122
11.010 0.208382390907
11.015 0.208336084324
11.020 0.208289810335
11.025 0.208243568903
11.030 0.208197359994
11.035 0.208151183569
11.040 0.208105039593
11.045 0.208058928029
11.050 0.20801284884
11.055 0.207966801992
11.060 0.207920787447
11.065 0.207874805169
11.070 0.207828855123
11.075 0.207782937272
11.080 0.20773705158
11.085 0.207691198012
11.090 0.207645376531
11.095 0.207599587102
11.100 0.207553829689
11.105 0.207508104256
11.110 0.207462410769
11.115 0.20741674919
11.120 0.207371119485
11.125 0.207325521619
11.130 0.207279955555
11.135 0.207234421259
11.140 0.207188918695
11.145 0.207143447829
11.150 0.207098008624
11.155 0.207052601046
11.160 0.20700722506
11.165 0.20696188063
11.170 0.206916567722
11.175 0.206871286301
11.180 0.206826036332
11.185 0.20678081778
11.190 0.206735630611
11.195 0.20669047479
11.200 0.206645350282
11.205 0.206600257052
11.210 0.206555195067
11.215 0.206510164291
11.220 0.206465164691
11.225 0.206420196232
11.230 0.206375258879
11.235 0.206330352599
11.240 0.206285477356
11.245 0.206240633118
11.250 0.20619581985
11.255 0.206151037518
11.260 0.206106286088
11.265 0.206061565526
11.270 0.206016875798
11.275 0.20597221687
11.280 0.205927588709
11.285 0.205882991281
11.290 0.205838424552
11.295 0.205793888488
11.300 0.205749383057
11.305 0.205704908224
11.310 0.205660463957
11.315 0.205616050221
11.320 0.205571666983
11.325 0.20552731421
11.330 0.205482991869
11.335 0.205438699927
11.340 0.20539443835
11.345 0.205350207105
11.350 0.20530600616
11.355 0.205261835481
11.360 0.205217695036
11.365 0.205173584791
11.370 0.205129504713
11.375 0.205085454771
11.380 0.20504143493
11.385 0.204997445159
11.390 0.204953485425
11.395 0.204909555695
11.400 0.204865655937
11.405 0.204821786118
11.410 0.204777946205
11.415 0.204734136167
11.420 0.204690355971
11.425 0.204646605585
11.430 0.204602884976
11.435 0.204559194112
11.440 0.204515532962
11.445 0.204471901493
11.450 0.204428299672
11.455 0.204384727469
11.460 0.204341184851
11.465 0.204297671786
11.470 0.204254188243
11.475 0.204210734189
11.480 0.204167309592
11.485 0.204123914422
11.490 0.204080548647
11.495 0.204037212234
11.500 0.203993905152
11.505 0.203950627371
11.510 0.203907378857
11.515 0.203864159581
11.520 0.20382096951
11.525 0.203777808613
11.530 0.20373467686
11.535 0.203691574218
11.540 0.203648500657
11.545 0.203605456145
11.550 0.203562440651
11.555 0.203519454145
11.560 0.203476496595
11.565 0.203433567971
11.570 0.203390668241
11.575 0.203347797375
11.580 0.203304955341
11.585 0.20326214211
11.590 0.20321935765
11.595 0.203176601931
11.600 0.203133874923
11.605 0.203091176593
11.610 0.203048506913
11.615 0.203005865852
11.620 0.202963253378
11.625 0.202920669463
11.630 0.202878114075
11.635 0.202835587184
11.640 0.20279308876
11.645 0.202750618773
11.650 0.202708177192
11.655 0.202665763988
11.660 0.20262337913
11.665 0.202581022588
11.670 0.202538694333
11.675 0.202496394335
11.680 0.202454122563
11.685 0.202411878987
11.690 0.202369663579
11.695 0.202327476308
11.700 0.202285317145
11.705 0.202243186059
11.710 0.202201083022
11.715 0.202159008003
11.720 0.202116960973
11.725 0.202074941903
11.730 0.202032950764
11.735 0.201990987525
11.740 0.201949052157
11.745 0.201907144632
11.750 0.20186526492
11.755 0.201823412991
11.760 0.201781588817
11.765 0.201739792369
11.770 0.201698023616
11.775 0.201656282531
11.780 0.201614569084
11.785 0.201572883246
11.790 0.201531224989
11.795 0.201489594283
11.800 0.2014479911
11.805 0.201406415411
11.810 0.201364867187
11.815 0.2013233464
11.820 0.20128185302
11.825 0.201240387019
11.830 0.201198948369
11.835 0.201157537041
11.840 0.201116153007
11.845 0.201074796237
11.850 0.201033466705
11.855 0.20099216438
11.860 0.200950889236
11.865 0.200909641243
11.870 0.200868420374
11.875 0.200827226601
11.880 0.200786059894
11.885 0.200744920227
11.890 0.20070380757
11.895 0.200662721896
11.900 0.200621663178
11.905 0.200580631386
11.910 0.200539626494
11.915 0.200498648472
11.920 0.200457697294
11.925 0.200416772932
11.930 0.200375875357
11.935 0.200335004543
11.940 0.200294160461
11.945 0.200253343085
11.950 0.200212552385
11.955 0.200171788335
11.960 0.200131050908
11.965 0.200090340075
11.970 0.20004965581
11.975 0.200008998084
11.980 0.199968366872
11.985 0.199927762144
11.990 0.199887183875
11.995 0.199846632037
12.000 0.199806106602
12.005 0.199765607544
12.010 0.199725134836
12.015 0.19968468845
12.020 0.199644268359
12.025 0.199603874537
12.030 0.199563506956
12.035 0.19952316559
12.040 0.199482850411
12.045 0.199442561393
12.050 0.19940229851
12.055 0.199362061734
12.060 0.199321851038
12.065 0.199281666396
12.070 0.199241507782
12.075 0.199201375168
12.080 0.199161268529
12.085 0.199121187837
12.090 0.199081133067
12.095 0.199041104191
12.100 0.199001101183
12.105 0.198961124018
12.110 0.198921172668
12.115 0.198881247108
12.120 0.198841347311
12.125 0.19880147325
12.130 0.198761624901
12.135 0.198721802236
12.140 0.19868200523
12.145 0.198642233856
12.150 0.198602488088
12.155 0.198562767901
12.160 0.198523073269
12.165 0.198483404165
12.170 0.198443760564
12.175 0.198404142439
12.180 0.198364549766
12.185 0.198324982518
12.190 0.19828544067
12.195 0.198245924196
12.200 0.19820643307
12.205 0.198166967267
12.210 0.198127526761
12.215 0.198088111526
12.220 0.198048721538
12.225 0.19800935677
12.230 0.197970017197
12.235 0.197930702795
12.240 0.197891413536
12.245 0.197852149397
12.250 0.197812910351
12.255 0.197773696374
12.260 0.197734507441
12.265 0.197695343525
12.270 0.197656204603
12.275 0.197617090648
12.280 0.197578001637
12.285 0.197538937543
12.290 0.197499898343
12.295 0.19746088401
12.300 0.19742189452
12.305 0.197382929848
12.310 0.197343989969
12.315 0.197305074859
12.320 0.197266184492
12.325 0.197227318845
12.330 0.197188477891
12.335 0.197149661607
12.340 0.197110869968
12.345 0.197072102949
12.350 0.197033360526
12.355 0.196994642674
12.360 0.196955949368
12.365 0.196917280585
12.370 0.196878636299
12.375 0.196840016487
12.380 0.196801421124
12.385 0.196762850185
12.390 0.196724303647
12.395 0.196685781484
12.400 0.196647283674
12.405 0.196608810191
12.410 0.196570361012
12.415 0.196531936112
12.420 0.196493535468
12.425 0.196455159055
12.430 0.196416806848
12.435 0.196378478826
12.440 0.196340174962
12.445 0.196301895234
12.450 0.196263639617
12.455 0.196225408088
12.460 0.196187200623
12.465 0.196149017197
12.470 0.196110857788
12.475 0.196072722372
12.480 0.196034610924
12.485 0.195996523422
12.490 0.195958459841
12.495 0.195920420158
12.500 0.195882404349
12.505 0.195844412392
12.510 0.195806444262
12.515 0.195768499935
12.520 0.19573057939
12.525 0.195692682601
12.530 0.195654809547
12.535 0.195616960203
12.540 0.195579134546
12.545 0.195541332553
12.550 0.195503554201
12.555 0.195465799466
12.560 0.195428068326
12.565 0.195390360756
12.570 0.195352676735
12.575 0.19531501624
12.580 0.195277379246
12.585 0.195239765731
12.590 0.195202175672
12.595 0.195164609047
12.600 0.195127065831
12.605 0.195089546003
12.610 0.19505204954
12.615 0.195014576418
12.620 0.194977126615
12.625 0.194939700108
12.630 0.194902296875
12.635 0.194864916893
12.640 0.194827560139
12.645 0.19479022659
12.650 0.194752916224
12.655 0.194715629019
12.660 0.194678364951
12.665 0.194641123999
12.670 0.19460390614
12.675 0.194566711351
12.680 0.194529539611
12.685 0.194492390896
12.690 0.194455265184
12.695 0.194418162454
12.700 0.194381082682
12.705 0.194344025847
12.710 0.194306991926
12.715 0.194269980897
12.720 0.194232992738
12.725 0.194196027427
12.730 0.194159084942
12.735 0.194122165261
12.740 0.194085268361
12.745 0.194048394221
12.750 0.194011542818
12.755 0.193974714131
12.760 0.193937908138
12.765 0.193901124818
12.770 0.193864364147
12.775 0.193827626104
12.780 0.193790910668
12.785 0.193754217817
12.790 0.193717547528
12.795 0.193680899781
12.800 0.193644274554
12.805 0.193607671825
12.810 0.193571091571
12.815 0.193534533773
12.820 0.193497998408
12.825 0.193461485455
12.830 0.193424994892
12.835 0.193388526697
12.840 0.19335208085
12.845 0.193315657329
12.850 0.193279256112
12.855 0.193242877179
12.860 0.193206520507
12.865 0.193170186076
12.870 0.193133873864
12.875 0.193097583851
12.880 0.193061316014
12.885 0.193025070333
12.890 0.192988846786
12.895 0.192952645353
12.900 0.192916466012
12.905 0.192880308743
12.910 0.192844173524
12.915 0.192808060334
12.920 0.192771969152
12.925 0.192735899957
12.930 0.192699852729
12.935 0.192663827447
12.940 0.192627824089
12.945 0.192591842635
12.950 0.192555883064
12.955 0.192519945355
12.960 0.192484029488
12.965 0.192448135442
12.970 0.192412263195
12.975 0.192376412729
12.980 0.19234058402
12.985 0.19230477705
12.990 0.192268991798
12.995 0.192233228243
13.000 0.192197486364
13.005 0.192163296066
13.010 0.192129126892
13.015 0.192094978823
13.020 0.192060851838
13.025 0.192026745917
13.030 0.191992661041
13.035 0.19195859719
13.040 0.191924554344
13.045 0.191890532483
13.050 0.191856531587
13.055 0.191822551637
13.060 0.191788592613
13.065 0.191754654495
13.070 0.191720737263
13.075 0.191686840899
13.080 0.191652965382
13.085 0.191619110692
13.090 0.191585276811
13.095 0.191551463719
13.100 0.191517671396
13.105 0.191483899822
13.110 0.191450148979
13.115 0.191416418846
13.120 0.191382709405
13.125 0.191349020636
13.130 0.19131535252
13.135 0.191281705037
13.140 0.191248078168
13.145 0.191214471894
13.150 0.191180886195
13.155 0.191147321053
13.160 0.191113776448
13.165 0.191080252362
13.170 0.191046748773
13.175 0.191013265665
13.180 0.190979803018
13.185 0.190946360812
13.190 0.190912939028
13.195 0.190879537648
13.200 0.190846156653
13.205 0.190812796023
13.210 0.19077945574
13.215 0.190746135784
13.220 0.190712836138
13.225 0.190679556781
13.230 0.190646297696
13.235 0.190613058863
13.240 0.190579840264
13.245 0.190546641879
13.250 0.19051346369
13.255 0.190480305679
13.260 0.190447167826
13.265 0.190414050114
13.270 0.190380952523
13.275 0.190347875034
13.280 0.19031481763
13.285 0.190281780291
13.290 0.190248763
13.295 0.190215765736
13.300 0.190182788483
13.305 0.190149831222
13.310 0.190116893933
13.315 0.1900839766
13.320 0.190051079203
13.325 0.190018201723
13.330 0.189985344144
13.335 0.189952506445
13.340 0.18991968861
13.345 0.189886890619
13.350 0.189854112455
13.355 0.189821354099
13.360 0.189788615533
13.365 0.189755896739
13.370 0.189723197699
13.375 0.189690518394
13.380 0.189657858807
13.385 0.189625218919
13.390 0.189592598713
13.395 0.18955999817
13.400 0.189527417272
13.405 0.189494856002
13.410 0.189462314341
13.415 0.189429792271
13.420 0.189397289775
13.425 0.189364806834
13.430 0.189332343432
13.435 0.189299899549
13.440 0.189267475168
13.445 0.189235070272
13.450 0.189202684842
13.455 0.18917031886
13.460 0.18913797231
13.465 0.189105645173
13.470 0.189073337432
13.475 0.189041049069
13.480 0.189008780066
13.485 0.188976530406
13.490 0.188944300071
13.495 0.188912089043
13.500 0.188879897306
13.505 0.188847724841
13.510 0.188815571631
13.515 0.188783437659
13.520 0.188751322906
13.525 0.188719227357
13.530 0.188687150992
13.535 0.188655093796
13.540 0.18862305575
13.545 0.188591036837
13.550 0.18855903704
13.555 0.188527056341
13.560 0.188495094724
13.565 0.18846315217
13.570 0.188431228664
13.575 0.188399324187
13.580 0.188367438722
13.585 0.188335572253
13.590 0.188303724762
13.595 0.188271896231
13.600 0.188240086645
13.605 0.188208295985
13.610 0.188176524235
13.615 0.188144771378
13.620 0.188113037397
13.625 0.188081322274
13.630 0.188049625993
13.635 0.188017948537
13.640 0.187986289889
13.645 0.187954650031
13.650 0.187923028948
13.655 0.187891426623
13.660 0.187859843037
13.665 0.187828278175
13.670 0.187796732021
13.675 0.187765204556
13.680 0.187733695764
13.685 0.187702205629
13.690 0.187670734134
13.695 0.187639281263
13.700 0.187607846997
13.705 0.187576431322
13.710 0.18754503422
13.715 0.187513655675
13.720 0.18748229567
13.725 0.187450954188
13.730 0.187419631214
13.735 0.18738832673
13.740 0.18735704072
13.745 0.187325773167
13.750 0.187294524056
13.755 0.18726329337
13.760 0.187232081091
13.765 0.187200887205
13.770 0.187169711694
13.775 0.187138554543
13.780 0.187107415734
13.785 0.187076295252
13.790 0.18704519308
13.795 0.187014109202
13.800 0.186983043602
13.805 0.186951996264
13.810 0.186920967171
13.815 0.186889956307
13.820 0.186858963656
13.825 0.186827989202
13.830 0.186797032929
13.835 0.186766094821
13.840 0.186735174861
13.845 0.186704273034
13.850 0.186673389323
13.855 0.186642523713
13.860 0.186611676187
13.865 0.18658084673
13.870 0.186550035326
13.875 0.186519241958
13.880 0.186488466611
13.885 0.186457709268
13.890 0.186426969915
13.895 0.186396248535
13.900 0.186365545112
13.905 0.186334859631
13.910 0.186304192076
13.915 0.18627354243
13.920 0.186242910679
13.925 0.186212296806
13.930 0.186181700795
13.935 0.186151122632
13.940 0.1861205623
13.945 0.186090019784
13.950 0.186059495068
13.955 0.186028988137
13.960 0.185998498974
13.965 0.185968027565
13.970 0.185937573893
13.975 0.185907137944
13.980 0.185876719701
13.985 0.185846319149
13.990 0.185815936274
13.995 0.185785571058
14.000 0.185755223487
14.005 0.185724893546
14.010 0.185694581219
14.015 0.18566428649
14.020 0.185634009345
14.025 0.185603749767
14.030 0.185573507743
14.035 0.185543283255
14.040 0.18551307629
14.045 0.185482886831
14.050 0.185452714864
14.055 0.185422560373
14.060 0.185392423343
14.065 0.185362303759
14.070 0.185332201606
14.075 0.185302116868
14.080 0.185272049531
14.085 0.18524199958
14.090 0.185211966998
14.095 0.185181951772
14.100 0.185151953885
14.105 0.185121973324
14.110 0.185092010073
14.115 0.185062064117
14.120 0.185032135441
14.125 0.18500222403
14.130 0.184972329869
14.135 0.184942452944
14.140 0.184912593239
14.145 0.184882750739
14.150 0.18485292543
14.155 0.184823117297
14.160 0.184793326324
14.165 0.184763552498
14.170 0.184733795803
14.175 0.184704056224
14.180 0.184674333747
14.185 0.184644628358
14.190 0.18461494004
14.195 0.18458526878
14.200 0.184555614563
14.205 0.184525977374
14.210 0.184496357199
14.215 0.184466754023
14.220 0.184437167831
14.225 0.184407598609
14.230 0.184378046342
14.235 0.184348511016
14.240 0.184318992616
14.245 0.184289491127
14.250 0.184260006535
14.255 0.184230538826
14.260 0.184201087985
14.265 0.184171653998
14.270 0.18414223685
14.275 0.184112836527
14.280 0.184083453014
14.285 0.184054086297
14.290 0.184024736361
14.295 0.183995403193
14.300 0.183966086778
14.305 0.183936787102
14.310 0.18390750415
14.315 0.183878237908
14.320 0.183848988362
14.325 0.183819755498
14.330 0.183790539301
14.335 0.183761339757
14.340 0.183732156852
14.345 0.183702990572
14.350 0.183673840903
14.355 0.18364470783
14.360 0.183615591339
14.365 0.183586491417
14.370 0.183557408049
14.375 0.183528341222
14.380 0.18349929092
14.385 0.183470257131
14.390 0.183441239839
14.395 0.183412239032
14.400 0.183383254695
14.405 0.183354286814
14.410 0.183325335375
14.415 0.183296400364
14.420 0.183267481768
14.425 0.183238579572
14.430 0.183209693763
14.435 0.183180824326
14.440 0.183151971249
14.445 0.183123134516
14.450 0.183094314115
14.455 0.183065510031
14.460 0.183036722251
14.465 0.18300795076
14.470 0.182979195546
14.475 0.182950456594
14.480 0.182921733891
14.485 0.182893027423
14.490 0.182864337177
14.495 0.182835663138
14.500 0.182807005293
14.505 0.182778363629
14.510 0.182749738131
14.515 0.182721128787
14.520 0.182692535582
14.525 0.182663958503
14.530 0.182635397537
14.535 0.18260685267
14.540 0.182578323889
14.545 0.182549811179
14.550 0.182521314528
14.555 0.182492833922
14.560 0.182464369348
14.565 0.182435920792
14.570 0.18240748824
14.575 0.18237907168
14.580 0.182350671098
14.585 0.182322286481
14.590 0.182293917815
14.595 0.182265565087
14.600 0.182237228283
14.605 0.182208907391
14.610 0.182180602397
14.615 0.182152313288
14.620 0.18212404005
14.625 0.182095782671
14.630 0.182067541136
14.635 0.182039315434
14.640 0.18201110555
14.645 0.181982911472
14.650 0.181954733186
14.655 0.181926570679
14.660 0.181898423938
14.665 0.18187029295
14.670 0.181842177703
14.675 0.181814078182
14.680 0.181785994374
14.685 0.181757926268
14.690 0.181729873849
14.695 0.181701837104
14.700 0.181673816022
14.705 0.181645810588
14.710 0.181617820789
14.715 0.181589846614
14.720 0.181561888048
14.725 0.181533945079
14.730 0.181506017694
14.735 0.18147810588
14.740 0.181450209624
14.745 0.181422328914
14.750 0.181394463736
14.755 0.181366614078
14.760 0.181338779927
14.765 0.181310961269
14.770 0.181283158093
14.775 0.181255370386
14.780 0.181227598134
14.785 0.181199841325
14.790 0.181172099946
14.795 0.181144373985
14.800 0.181116663429
14.805 0.181088968265
14.810 0.181061288481
14.815 0.181033624064
14.820 0.181005975
14.825 0.180978341279
14.830 0.180950722886
14.835 0.18092311981
14.840 0.180895532038
14.845 0.180867959557
14.850 0.180840402355
14.855 0.180812860419
14.860 0.180785333736
14.865 0.180757822295
14.870 0.180730326083
14.875 0.180702845087
14.880 0.180675379295
14.885 0.180647928694
14.890 0.180620493272
14.895 0.180593073017
14.900 0.180565667916
14.905 0.180538277957
14.910 0.180510903127
14.915 0.180483543414
14.920 0.180456198805
14.925 0.18042886929
14.930 0.180401554854
14.935 0.180374255486
14.940 0.180346971173
14.945 0.180319701904
14.950 0.180292447666
14.955 0.180265208447
14.960 0.180237984234
14.965 0.180210775015
14.970 0.180183580779
14.975 0.180156401512
14.980 0.180129237204
14.985 0.18010208784
14.990 0.180074953411
14.995 0.180047833903
15.000 0.180020729304
15.005 0.17999308406
15.010 0.179965453857
15.015 0.179937838682
15.020 0.179910238522
15.025 0.179882653367
15.030 0.179855083202
15.035 0.179827528018
15.040 0.1797999878
15.045 0.179772462538
15.050 0.179744952218
15.055 0.17971745683
15.060 0.179689976361
15.065 0.179662510798
15.070 0.179635060131
15.075 0.179607624346
15.080 0.179580203432
15.085 0.179552797376
15.090 0.179525406168
15.095 0.179498029794
15.100 0.179470668243
15.105 0.179443321503
15.110 0.179415989562
15.115 0.179388672408
15.120 0.17936137003
15.125 0.179334082414
15.130 0.17930680955
15.135 0.179279551426
15.140 0.179252308029
15.145 0.179225079349
15.150 0.179197865372
15.155 0.179170666088
15.160 0.179143481484
15.165 0.179116311548
15.170 0.17908915627
15.175 0.179062015637
15.180 0.179034889637
15.185 0.179007778259
15.190 0.178980681491
15.195 0.178953599321
15.200 0.178926531738
15.205 0.17889947873
15.210 0.178872440286
15.215 0.178845416393
15.220 0.17881840704
15.225 0.178791412215
15.230 0.178764431907
15.235 0.178737466105
15.240 0.178710514796
15.245 0.178683577969
15.250 0.178656655613
15.255 0.178629747716
15.260 0.178602854266
15.265 0.178575975253
15.270 0.178549110664
15.275 0.178522260488
15.280 0.178495424713
15.285 0.178468603329
15.290 0.178441796323
15.295 0.178415003684
15.300 0.178388225402
15.305 0.178361461463
15.310 0.178334711858
15.315 0.178307976574
15.320 0.178281255601
15.325 0.178254548927
15.330 0.17822785654
15.335 0.178201178429
15.340 0.178174514584
15.345 0.178147864992
15.350 0.178121229643
15.355 0.178094608524
15.360 0.178068001626
15.365 0.178041408936
15.370 0.178014830443
15.375 0.177988266137
15.380 0.177961716006
15.385 0.177935180038
15.390 0.177908658223
15.395 0.17788215055
15.400 0.177855657006
15.405 0.177829177582
15.410 0.177802712266
15.415 0.177776261046
15.420 0.177749823913
15.425 0.177723400854
15.430 0.177696991858
15.435 0.177670596916
15.440 0.177644216014
15.445 0.177617849143
15.450 0.177591496292
15.455 0.177565157449
15.460 0.177538832603
15.465 0.177512521743
15.470 0.177486224859
15.475 0.17745994194
15.480 0.177433672974
15.485 0.17740741795
15.490 0.177381176858
15.495 0.177354949687
15.500 0.177328736426
15.505 0.177302537063
15.510 0.177276351589
15.515 0.177250179992
15.520 0.177224022261
15.525 0.177197878385
15.530 0.177171748354
15.535 0.177145632157
15.540 0.177119529783
15.545 0.177093441221
15.550 0.177067366461
15.555 0.177041305491
15.560 0.177015258301
15.565 0.176989224881
15.570 0.176963205218
15.575 0.176937199304
15.580 0.176911207126
15.585 0.176885228675
15.590 0.17685926394
15.595 0.176833312909
15.600 0.176807375573
15.605 0.17678145192
15.610 0.176755541941
15.615 0.176729645623
15.620 0.176703762958
15.625 0.176677893934
15.630 0.17665203854
15.635 0.176626196766
15.640 0.176600368602
15.645 0.176574554037
15.650 0.17654875306
15.655 0.176522965661
15.660 0.176497191829
15.665 0.176471431554
15.670 0.176445684825
15.675 0.176419951633
15.680 0.176394231965
15.685 0.176368525813
15.690 0.176342833165
15.695 0.176317154011
15.700 0.17629148834
15.705 0.176265836143
15.710 0.176240197409
15.715 0.176214572127
15.720 0.176188960287
15.725 0.176163361879
15.730 0.176137776892
15.735 0.176112205316
15.740 0.176086647141
15.745 0.176061102356
15.750 0.176035570951
15.755 0.176010052916
15.760 0.17598454824
15.765 0.175959056914
15.770 0.175933578926
15.775 0.175908114267
15.780 0.175882662927
15.785 0.175857224895
15.790 0.175831800161
15.795 0.175806388714
15.800 0.175780990546
15.805 0.175755605644
15.810 0.175730234
15.815 0.175704875603
15.820 0.175679530443
15.825 0.17565419851
15.830 0.175628879794
15.835 0.175603574284
15.840 0.175578281971
15.845 0.175553002844
15.850 0.175527736893
15.855 0.175502484109
15.860 0.175477244481
15.865 0.175452017999
15.870 0.175426804653
15.875 0.175401604433
15.880 0.17537641733
15.885 0.175351243332
15.890 0.175326082431
15.895 0.175300934615
15.900 0.175275799876
15.905 0.175250678203
15.910 0.175225569587
15.915 0.175200474016
15.920 0.175175391482
15.925 0.175150321975
15.930 0.175125265484
15.935 0.175100222
15.940 0.175075191513
15.945 0.175050174012
15.950 0.175025169489
15.955 0.175000177933
15.960 0.174975199334
15.965 0.174950233683
15.970 0.17492528097
15.975 0.174900341185
15.980 0.174875414318
15.985 0.174850500359
15.990 0.174825599299
15.995 0.174800711128
16.000 0.174775835836
16.005 0.174750973414
16.010 0.174726123851
16.015 0.174701287138
16.020 0.174676463265
16.025 0.174651652223
16.030 0.174626854002
16.035 0.174602068592
16.040 0.174577295983
16.045 0.174552536166
16.050 0.174527789132
16.055 0.17450305487
16.060 0.174478333371
16.065 0.174453624626
16.070 0.174428928624
16.075 0.174404245357
16.080 0.174379574814
16.085 0.174354916986
16.090 0.174330271864
16.095 0.174305639437
16.100 0.174281019697
16.105 0.174256412634
16.110 0.174231818238
16.115 0.1742072365
16.120 0.174182667411
16.125 0.17415811096
16.130 0.174133567139
16.135 0.174109035937
16.140 0.174084517346
16.145 0.174060011357
16.150 0.174035517958
16.155 0.174011037142
16.160 0.173986568899
16.165 0.173962113219
16.170 0.173937670093
16.175 0.173913239512
16.180 0.173888821466
16.185 0.173864415946
16.190 0.173840022942
16.195 0.173815642446
16.200 0.173791274447
16.205 0.173766918937
16.210 0.173742575906
16.215 0.173718245345
16.220 0.173693927245
16.225 0.173669621596
16.230 0.173645328389
16.235 0.173621047615
16.240 0.173596779265
16.245 0.173572523329
16.250 0.173548279798
16.255 0.173524048663
16.260 0.173499829914
16.265 0.173475623543
16.270 0.173451429541
16.275 0.173427247897
16.280 0.173403078603
16.285 0.173378921651
16.290 0.17335477703
16.295 0.173330644731
16.300 0.173306524746
16.305 0.173282417064
16.310 0.173258321679
16.315 0.173234238579
16.320 0.173210167756
16.325 0.173186109201
16.330 0.173162062904
16.335 0.173138028858
16.340 0.173114007052
16.345 0.173089997478
16.350 0.173066000126
16.355 0.173042014988
16.360 0.173018042055
16.365 0.172994081317
16.370 0.172970132766
16.375 0.172946196393
16.380 0.172922272188
16.385 0.172898360142
16.390 0.172874460248
16.395 0.172850572495
16.400 0.172826696875
16.405 0.172802833379
16.410 0.172778981998
16.415 0.172755142723
16.420 0.172731315545
16.425 0.172707500456
16.430 0.172683697446
16.435 0.172659906507
16.440 0.172636127629
16.445 0.172612360804
16.450 0.172588606023
16.455 0.172564863278
16.460 0.172541132558
16.465 0.172517413857
16.470 0.172493707164
16.475 0.172470012471
16.480 0.172446329769
16.485 0.17242265905
16.490 0.172399000304
16.495 0.172375353524
16.500 0.172351718699
16.505 0.172328095822
16.510 0.172304484884
16.515 0.172280885875
16.520 0.172257298788
16.525 0.172233723613
16.530 0.172210160343
16.535 0.172186608967
16.540 0.172163069478
16.545 0.172139541867
16.550 0.172116026125
16.555 0.172092522244
16.560 0.172069030215
16.565 0.172045550029
16.570 0.172022081678
16.575 0.171998625153
16.580 0.171975180445
16.585 0.171951747547
16.590 0.171928326448
16.595 0.171904917142
16.600 0.171881519619
16.605 0.17185813387
16.610 0.171834759888
16.615 0.171811397663
16.620 0.171788047187
16.625 0.171764708452
16.630 0.171741381449
16.635 0.171718066169
16.640 0.171694762605
16.645 0.171671470747
16.650 0.171648190587
16.655 0.171624922117
16.660 0.171601665328
16.665 0.171578420212
16.670 0.17155518676
16.675 0.171531964964
16.680 0.171508754816
16.685 0.171485556307
16.690 0.171462369429
16.695 0.171439194172
16.700 0.17141603053
16.705 0.171392878493
16.710 0.171369738054
16.715 0.171346609203
16.720 0.171323491933
16.725 0.171300386235
16.730 0.171277292101
16.735 0.171254209523
16.740 0.171231138492
16.745 0.171208078999
16.750 0.171185031037
16.755 0.171161994598
16.760 0.171138969673
16.765 0.171115956253
16.770 0.171092954331
16.775 0.171069963898
16.780 0.171046984947
16.785 0.171024017468
16.790 0.171001061454
16.795 0.170978116896
16.800 0.170955183787
16.805 0.170932262117
16.810 0.170909351879
16.815 0.170886453065
16.820 0.170863565666
16.825 0.170840689675
16.830 0.170817825083
16.835 0.170794971882
16.840 0.170772130063
16.845 0.17074929962
16.850 0.170726480543
16.855 0.170703672825
16.860 0.170680876457
16.865 0.170658091431
16.870 0.170635317739
16.875 0.170612555374
16.880 0.170589804327
16.885 0.17056706459
16.890 0.170544336155
16.895 0.170521619013
16.900 0.170498913158
16.905 0.170476218581
16.910 0.170453535273
16.915 0.170430863227
16.920 0.170408202436
16.925 0.17038555289
16.930 0.170362914581
16.935 0.170340287503
16.940 0.170317671647
16.945 0.170295067005
16.950 0.170272473568
16.955 0.17024989133
16.960 0.170227320282
16.965 0.170204760417
16.970 0.170182211725
16.975 0.1701596742
16.980 0.170137147834
16.985 0.170114632618
16.990 0.170092128544
16.995 0.170069635606
17.000 0.170047153795
17.005 0.170029490473
17.010 0.170011836922
17.015 0.169994193134
17.020 0.169976559104
17.025 0.169958934822
17.030 0.169941320284
17.035 0.169923715482
17.040 0.16990612041
17.045 0.169888535059
17.050 0.169870959425
17.055 0.169853393499
17.060 0.169835837275
17.065 0.169818290747
17.070 0.169800753907
17.075 0.169783226749
17.080 0.169765709266
17.085 0.169748201451
17.090 0.169730703297
17.095 0.169713214798
17.100 0.169695735947
17.105 0.169678266737
17.110 0.169660807161
17.115 0.169643357213
17.120 0.169625916886
17.125 0.169608486174
17.130 0.169591065069
17.135 0.169573653565
17.140 0.169556251655
17.145 0.169538859332
17.150 0.169521476591
17.155 0.169504103424
17.160 0.169486739824
17.165 0.169469385785
17.170 0.1694520413
17.175 0.169434706363
17.180 0.169417380967
17.185 0.169400065105
17.190 0.169382758771
17.195 0.169365461958
17.200 0.169348174659
17.205 0.169330896868
17.210 0.169313628579
17.215 0.169296369785
17.220 0.169279120478
17.225 0.169261880653
17.230 0.169244650303
17.235 0.169227429422
17.240 0.169210218002
17.245 0.169193016038
17.250 0.169175823523
17.255 0.16915864045
17.260 0.169141466812
17.265 0.169124302604
17.270 0.169107147819
17.275 0.16909000245
17.280 0.169072866491
17.285 0.169055739935
17.290 0.169038622776
17.295 0.169021515007
17.300 0.169004416622
17.305 0.168987327614
17.310 0.168970247977
17.315 0.168953177705
17.320 0.168936116791
17.325 0.168919065228
17.330 0.168902023011
17.335 0.168884990132
17.340 0.168867966586
17.345 0.168850952365
17.350 0.168833947464
17.355 0.168816951877
17.360 0.168799965596
17.365 0.168782988615
17.370 0.168766020928
17.375 0.168749062529
17.380 0.168732113411
17.385 0.168715173568
17.390 0.168698242994
17.395 0.168681321682
17.400 0.168664409626
17.405 0.168647506819
17.410 0.168630613255
17.415 0.168613728929
17.420 0.168596853833
17.425 0.168579987961
17.430 0.168563131308
17.435 0.168546283866
17.440 0.168529445629
17.445 0.168512616592
17.450 0.168495796747
17.455 0.168478986089
17.460 0.168462184612
17.465 0.168445392308
17.470 0.168428609173
17.475 0.168411835199
17.480 0.16839507038
17.485 0.168378314711
17.490 0.168361568184
17.495 0.168344830795
17.500 0.168328102536
17.505 0.168311383401
17.510 0.168294673384
17.515 0.168277972479
17.520 0.16826128068
17.525 0.168244597981
17.530 0.168227924375
17.535 0.168211259856
17.540 0.168194604419
17.545 0.168177958056
17.550 0.168161320762
17.555 0.168144692531
17.560 0.168128073357
17.565 0.168111463232
17.570 0.168094862153
17.575 0.168078270111
17.580 0.168061687101
17.585 0.168045113118
17.590 0.168028548154
17.595 0.168011992204
17.600 0.167995445262
17.605 0.167978907322
17.610 0.167962378377
17.615 0.167945858422
17.620 0.16792934745
17.625 0.167912845456
17.630 0.167896352433
17.635 0.167879868375
17.640 0.167863393277
17.645 0.167846927132
17.650 0.167830469934
17.655 0.167814021677
17.660 0.167797582356
17.665 0.167781151964
17.670 0.167764730495
17.675 0.167748317944
17.680 0.167731914304
17.685 0.167715519569
17.690 0.167699133733
17.695 0.167682756791
17.700 0.167666388737
17.705 0.167650029563
17.710 0.167633679266
17.715 0.167617337838
17.720 0.167601005273
17.725 0.167584681566
17.730 0.167568366712
17.735 0.167552060703
17.740 0.167535763534
17.745 0.167519475199
17.750 0.167503195692
17.755 0.167486925008
17.760 0.16747066314
17.765 0.167454410082
17.770 0.167438165829
17.775 0.167421930375
17.780 0.167405703714
17.785 0.16738948584
17.790 0.167373276747
17.795 0.16735707643
17.800 0.167340884882
17.805 0.167324702098
17.810 0.167308528072
17.815 0.167292362798
17.820 0.16727620627
17.825 0.167260058482
17.830 0.167243919429
17.835 0.167227789105
17.840 0.167211667504
17.845 0.167195554621
17.850 0.167179450449
17.855 0.167163354982
17.860 0.167147268216
17.865 0.167131190144
17.870 0.16711512076
17.875 0.167099060059
17.880 0.167083008034
17.885 0.167066964681
17.890 0.167050929994
17.895 0.167034903966
17.900 0.167018886592
17.905 0.167002877867
17.910 0.166986877784
17.915 0.166970886338
17.920 0.166954903524
17.925 0.166938929334
17.930 0.166922963765
17.935 0.16690700681
17.940 0.166891058463
17.945 0.166875118719
17.950 0.166859187572
17.955 0.166843265017
17.960 0.166827351048
17.965 0.166811445658
17.970 0.166795548843
17.975 0.166779660598
17.980 0.166763780915
17.985 0.16674790979
17.990 0.166732047217
17.995 0.166716193191
18.000 0.166700347705
18.005 0.166684510755
18.010 0.166668682334
18.015 0.166652862437
18.020 0.166637051059
18.025 0.166621248193
18.030 0.166605453835
18.035 0.166589667979
18.040 0.166573890619
18.045 0.166558121749
18.050 0.166542361364
18.055 0.166526609459
18.060 0.166510866028
18.065 0.166495131065
18.070 0.166479404566
18.075 0.166463686523
18.080 0.166447976933
18.085 0.166432275789
18.090 0.166416583085
18.095 0.166400898818
18.100 0.166385222979
18.105 0.166369555566
18.110 0.166353896571
18.115 0.16633824599
18.120 0.166322603816
18.125 0.166306970045
18.130 0.166291344671
18.135 0.166275727689
18.140 0.166260119092
18.145 0.166244518876
18.150 0.166228927036
18.155 0.166213343565
18.160 0.166197768459
18.165 0.166182201711
18.170 0.166166643317
18.175 0.166151093271
18.180 0.166135551568
18.185 0.166120018202
18.190 0.166104493167
18.195 0.16608897646
18.200 0.166073468073
18.205 0.166057968002
18.210 0.166042476242
18.215 0.166026992786
18.220 0.16601151763
18.225 0.165996050768
18.230 0.165980592195
18.235 0.165965141906
18.240 0.165949699895
18.245 0.165934266156
18.250 0.165918840685
18.255 0.165903423477
18.260 0.165888014525
18.265 0.165872613825
18.270 0.165857221371
18.275 0.165841837157
18.280 0.16582646118
18.285 0.165811093433
18.290 0.165795733911
18.295 0.165780382608
18.300 0.16576503952
18.305 0.165749704641
18.310 0.165734377967
18.315 0.16571905949
18.320 0.165703749208
18.325 0.165688447113
18.330 0.165673153201
18.335 0.165657867467
18.340 0.165642589905
18.345 0.16562732051
18.350 0.165612059278
18.355 0.165596806202
18.360 0.165581561277
18.365 0.165566324499
18.370 0.165551095862
18.375 0.165535875361
18.380 0.16552066299
18.385 0.165505458745
18.390 0.16549026262
18.395 0.16547507461
18.400 0.16545989471
18.405 0.165444722915
18.410 0.16542955922
18.415 0.165414403619
18.420 0.165399256107
18.425 0.165384116679
18.430 0.16536898533
18.435 0.165353862055
18.440 0.165338746849
18.445 0.165323639706
18.450 0.165308540622
18.455 0.165293449591
18.460 0.165278366608
18.465 0.165263291668
18.470 0.165248224766
18.475 0.165233165898
18.480 0.165218115056
18.485 0.165203072238
18.490 0.165188037437
18.495 0.165173010648
18.500 0.165157991867
18.505 0.165142981089
18.510 0.165127978307
18.515 0.165112983518
18.520 0.165097996716
18.525 0.165083017896
18.530 0.165068047053
18.535 0.165053084182
18.540 0.165038129278
18.545 0.165023182337
18.550 0.165008243352
18.555 0.164993312318
18.560 0.164978389232
18.565 0.164963474088
18.570 0.16494856688
18.575 0.164933667605
18.580 0.164918776256
18.585 0.164903892829
18.590 0.164889017319
18.595 0.164874149721
18.600 0.164859290029
18.605 0.16484443824
18.610 0.164829594348
18.615 0.164814758347
18.620 0.164799930234
18.625 0.164785110003
18.630 0.164770297649
18.635 0.164755493167
18.640 0.164740696552
18.645 0.1647259078
18.650 0.164711126905
18.655 0.164696353862
18.660 0.164681588667
18.665 0.164666831315
18.670 0.1646520818
18.675 0.164637340118
18.680 0.164622606264
18.685 0.164607880233
18.690 0.164593162021
18.695 0.164578451621
18.700 0.16456374903
18.705 0.164549054242
18.710 0.164534367253
18.715 0.164519688057
18.720 0.16450501665
18.725 0.164490353028
18.730 0.164475697184
18.735 0.164461049115
18.740 0.164446408815
18.745 0.16443177628
18.750 0.164417151505
18.755 0.164402534484
18.760 0.164387925214
18.765 0.164373323689
18.770 0.164358729904
18.775 0.164344143855
18.780 0.164329565537
18.785 0.164314994945
18.790 0.164300432074
18.795 0.16428587692
18.800 0.164271329477
18.805 0.164256789741
18.810 0.164242257708
18.815 0.164227733371
18.820 0.164213216727
18.825 0.164198707771
18.830 0.164184206498
18.835 0.164169712904
18.840 0.164155226982
18.845 0.16414074873
18.850 0.164126278141
18.855 0.164111815212
18.860 0.164097359938
18.865 0.164082912313
18.870 0.164068472333
18.875 0.164054039994
18.880 0.16403961529
18.885 0.164025198218
18.890 0.164010788771
18.895 0.163996386946
18.900 0.163981992738
18.905 0.163967606142
18.910 0.163953227154
18.915 0.163938855768
18.920 0.163924491981
18.925 0.163910135786
18.930 0.163895787181
18.935 0.16388144616
18.940 0.163867112718
18.945 0.163852786851
18.950 0.163838468554
18.955 0.163824157822
18.960 0.163809854651
18.965 0.163795559037
18.970 0.163781270974
18.975 0.163766990458
18.980 0.163752717484
18.985 0.163738452048
18.990 0.163724194145
18.995 0.16370994377
19.000 0.163695700919
19.005 0.163681465588
19.010 0.163667237771
19.015 0.163653017464
19.020 0.163638804662
19.025 0.163624599362
19.030 0.163610401557
19.035 0.163596211244
19.040 0.163582028419
19.045 0.163567853076
19.050 0.163553685211
19.055 0.163539524819
19.060 0.163525371896
19.065 0.163511226438
19.070 0.163497088439
19.075 0.163482957896
19.080 0.163468834803
19.085 0.163454719157
19.090 0.163440610952
19.095 0.163426510184
19.100 0.163412416849
19.105 0.163398330941
19.110 0.163384252458
19.115 0.163370181393
19.120 0.163356117743
19.125 0.163342061503
19.130 0.163328012669
19.135 0.163313971235
19.140 0.163299937198
19.145 0.163285910553
19.150 0.163271891296
19.155 0.163257879422
19.160 0.163243874927
19.165 0.163229877806
19.170 0.163215888054
19.175 0.163201905668
19.180 0.163187930643
19.185 0.163173962974
19.190 0.163160002657
19.195 0.163146049687
19.200 0.163132104061
19.205 0.163118165773
19.210 0.163104234819
19.215 0.163090311195
19.220 0.163076394896
19.225 0.163062485919
19.230 0.163048584258
19.235 0.163034689909
19.240 0.163020802868
19.245 0.16300692313
19.250 0.162993050691
19.255 0.162979185546
19.260 0.162965327692
19.265 0.162951477123
19.270 0.162937633836
19.275 0.162923797826
19.280 0.162909969089
19.285 0.16289614762
19.290 0.162882333414
19.295 0.162868526469
19.300 0.162854726778
19.305 0.162840934339
19.310 0.162827149145
19.315 0.162813371195
19.320 0.162799600482
19.325 0.162785837002
19.330 0.162772080752
19.335 0.162758331726
19.340 0.162744589921
19.345 0.162730855333
19.350 0.162717127956
19.355 0.162703407787
19.360 0.162689694821
19.365 0.162675989054
19.370 0.162662290482
19.375 0.1626485991
19.380 0.162634914905
19.385 0.162621237891
19.390 0.162607568055
19.395 0.162593905392
19.400 0.162580249898
19.405 0.162566601569
19.410 0.1625529604
19.415 0.162539326388
19.420 0.162525699528
19.425 0.162512079815
19.430 0.162498467246
19.435 0.162484861816
19.440 0.162471263521
19.445 0.162457672357
19.450 0.162444088319
19.455 0.162430511404
19.460 0.162416941607
19.465 0.162403378923
19.470 0.16238982335
19.475 0.162376274882
19.480 0.162362733515
19.485 0.162349199245
19.490 0.162335672067
19.495 0.162322151979
19.500 0.162308638975
19.505 0.162295133051
19.510 0.162281634203
19.515 0.162268142427
19.520 0.162254657719
19.525 0.162241180074
19.530 0.162227709489
19.535 0.162214245959
19.540 0.16220078948
19.545 0.162187340048
19.550 0.162173897659
19.555 0.162160462308
19.560 0.162147033992
19.565 0.162133612706
19.570 0.162120198446
19.575 0.162106791208
19.580 0.162093390988
19.585 0.162079997782
19.590 0.162066611586
19.595 0.162053232395
19.600 0.162039860205
19.605 0.162026495013
19.610 0.162013136814
19.615 0.161999785605
19.620 0.16198644138
19.625 0.161973104136
19.630 0.161959773869
19.635 0.161946450575
19.640 0.161933134249
19.645 0.161919824888
19.650 0.161906522487
19.655 0.161893227043
19.660 0.161879938552
19.665 0.161866657008
19.670 0.161853382409
19.675 0.16184011475
19.680 0.161826854027
19.685 0.161813600236
19.690 0.161800353373
19.695 0.161787113435
19.700 0.161773880416
19.705 0.161760654313
19.710 0.161747435122
19.715 0.161734222839
19.720 0.16172101746
19.725 0.16170781898
19.730 0.161694627396
19.735 0.161681442705
19.740 0.161668264901
19.745 0.16165509398
19.750 0.16164192994
19.755 0.161628772775
19.760 0.161615622482
19.765 0.161602479057
19.770 0.161589342496
19.775 0.161576212794
19.780 0.161563089949
19.785 0.161549973955
19.790 0.161536864809
19.795 0.161523762508
19.800 0.161510667046
19.805 0.16149757842
19.810 0.161484496626
19.815 0.161471421661
19.820 0.161458353519
19.825 0.161445292198
19.830 0.161432237693
19.835 0.161419190001
19.840 0.161406149116
19.845 0.161393115037
19.850 0.161380087758
19.855 0.161367067275
19.860 0.161354053585
19.865 0.161341046684
19.870 0.161328046568
19.875 0.161315053233
19.880 0.161302066675
19.885 0.16128908689
19.890 0.161276113875
19.895 0.161263147624
19.900 0.161250188136
19.905 0.161237235404
19.910 0.161224289427
19.915 0.161211350199
19.920 0.161198417718
19.925 0.161185491978
19.930 0.161172572977
19.935 0.16115966071
19.940 0.161146755173
19.945 0.161133856363
19.950 0.161120964276
19.955 0.161108078908
19.960 0.161095200255
19.965 0.161082328313
19.970 0.161069463079
19.975 0.161056604548
19.980 0.161043752717
19.985 0.161030907581
19.990 0.161018069138
19.995 0.161005237383
20.000 0.160992412312
20.005 0.160978089447
20.010 0.160963773512
20.015 0.160949464504
20.020 0.160935162418
20.025 0.16092086725
20.030 0.160906578996
20.035 0.160892297653
20.040 0.160878023216
20.045 0.160863755682
20.050 0.160849495046
20.055 0.160835241305
20.060 0.160820994454
20.065 0.160806754489
20.070 0.160792521407
20.075 0.160778295204
20.080 0.160764075875
20.085 0.160749863417
20.090 0.160735657826
20.095 0.160721459098
20.100 0.160707267228
20.105 0.160693082214
20.110 0.16067890405
20.115 0.160664732733
20.120 0.16065056826
20.125 0.160636410626
20.130 0.160622259827
20.135 0.16060811586
20.140 0.16059397872
20.145 0.160579848404
20.150 0.160565724907
20.155 0.160551608226
20.160 0.160537498357
20.165 0.160523395297
20.170 0.16050929904
20.175 0.160495209583
20.180 0.160481126923
20.185 0.160467051055
20.190 0.160452981976
20.195 0.160438919682
20.200 0.160424864168
20.205 0.160410815431
20.210 0.160396773468
20.215 0.160382738274
20.220 0.160368709845
20.225 0.160354688178
20.230 0.160340673268
20.235 0.160326665113
20.240 0.160312663707
20.245 0.160298669048
20.250 0.160284681131
20.255 0.160270699952
20.260 0.160256725508
20.265 0.160242757795
20.270 0.16022879681
20.275 0.160214842547
20.280 0.160200895004
20.285 0.160186954176
20.290 0.160173020061
20.295 0.160159092653
20.300 0.16014517195
20.305 0.160131257947
20.310 0.16011735064
20.315 0.160103450027
20.320 0.160089556103
20.325 0.160075668863
20.330 0.160061788306
20.335 0.160047914426
20.340 0.16003404722
20.345 0.160020186684
20.350 0.160006332815
20.355 0.159992485609
20.360 0.159978645061
20.365 0.159964811168
20.370 0.159950983927
20.375 0.159937163334
20.380 0.159923349384
20.385 0.159909542075
20.390 0.159895741402
20.395 0.159881947362
20.400 0.15986815995
20.405 0.159854379164
20.410 0.159840605
20.415 0.159826837453
20.420 0.159813076521
20.425 0.159799322198
20.430 0.159785574483
20.435 0.15977183337
20.440 0.159758098857
20.445 0.159744370939
20.450 0.159730649613
20.455 0.159716934875
20.460 0.159703226722
20.465 0.15968952515
20.470 0.159675830154
20.475 0.159662141732
20.480 0.15964845988
20.485 0.159634784594
20.490 0.15962111587
20.495 0.159607453705
20.500 0.159593798094
20.505 0.159580149036
20.510 0.159566506525
20.515 0.159552870558
20.520 0.159539241132
20.525 0.159525618242
20.530 0.159512001886
20.535 0.159498392059
20.540 0.159484788758
20.545 0.159471191979
20.550 0.159457601718
20.555 0.159444017973
20.560 0.159430440739
20.565 0.159416870013
20.570 0.159403305791
20.575 0.159389748069
20.580 0.159376196844
20.585 0.159362652113
20.590 0.159349113871
20.595 0.159335582115
20.600 0.159322056842
20.605 0.159308538047
20.610 0.159295025728
20.615 0.159281519881
20.620 0.159268020501
20.625 0.159254527586
20.630 0.159241041132
20.635 0.159227561136
20.640 0.159214087593
20.645 0.1592006205
20.650 0.159187159854
20.655 0.159173705651
20.660 0.159160257888
20.665 0.15914681656
20.670 0.159133381665
20.675 0.159119953199
20.680 0.159106531158
20.685 0.159093115539
20.690 0.159079706338
20.695 0.159066303552
20.700 0.159052907176
20.705 0.159039517209
20.710 0.159026133645
20.715 0.159012756483
20.720 0.158999385717
20.725 0.158986021344
20.730 0.158972663362
20.735 0.158959311766
20.740 0.158945966553
20.745 0.158932627719
20.750 0.158919295262
20.755 0.158905969177
20.760 0.158892649461
20.765 0.15887933611
20.770 0.158866029121
20.775 0.158852728491
20.780 0.158839434216
20.785 0.158826146292
20.790 0.158812864716
20.795 0.158799589485
20.800 0.158786320595
20.805 0.158773058042
20.810 0.158759801824
20.815 0.158746551936
20.820 0.158733308376
20.825 0.158720071139
20.830 0.158706840223
20.835 0.158693615623
20.840 0.158680397337
20.845 0.158667185361
20.850 0.158653979691
20.855 0.158640780324
20.860 0.158627587257
20.865 0.158614400486
20.870 0.158601220008
20.875 0.158588045819
20.880 0.158574877917
20.885 0.158561716296
20.890 0.158548560955
20.895 0.158535411889
20.900 0.158522269096
20.905 0.158509132571
20.910 0.158496002312
20.915 0.158482878315
20.920 0.158469760577
20.925 0.158456649093
20.930 0.158443543862
20.935 0.158430444879
20.940 0.158417352141
20.945 0.158404265644
20.950 0.158391185386
20.955 0.158378111363
20.960 0.158365043572
20.965 0.158351982008
20.970 0.158338926669
20.975 0.158325877552
20.980 0.158312834653
20.985 0.158299797968
20.990 0.158286767495
20.995 0.15827374323
21.000 0.158260725169
21.005 0.158240457965
21.010 0.158220198513
21.015 0.158199946809
21.020 0.158179702849
21.025 0.158159466628
21.030 0.158139238143
21.035 0.158119017388
21.040 0.15809880436
21.045 0.158078599053
21.050 0.158058401465
21.055 0.15803821159
21.060 0.158018029425
21.065 0.157997854964
21.070 0.157977688204
21.075 0.15795752914
21.080 0.157937377769
21.085 0.157917234085
21.090 0.157897098084
21.095 0.157876969763
21.100 0.157856849117
21.105 0.157836736142
21.110 0.157816630832
21.115 0.157796533185
21.120 0.157776443196
21.125 0.157756360861
21.130 0.157736286174
21.135 0.157716219133
21.140 0.157696159733
21.145 0.15767610797
21.150 0.157656063839
21.155 0.157636027336
21.160 0.157615998457
21.165 0.157595977197
21.170 0.157575963553
21.175 0.157555957521
21.180 0.157535959095
21.185 0.157515968272
21.190 0.157495985048
21.195 0.157476009418
21.200 0.157456041379
21.205 0.157436080925
21.210 0.157416128053
21.215 0.157396182759
21.220 0.157376245039
21.225 0.157356314887
21.230 0.157336392301
21.235 0.157316477275
21.240 0.157296569807
21.245 0.15727666989
21.250 0.157256777522
21.255 0.157236892699
21.260 0.157217015415
21.265 0.157197145667
21.270 0.157177283451
21.275 0.157157428763
21.280 0.157137581598
21.285 0.157117741952
21.290 0.157097909822
21.295 0.157078085202
21.300 0.157058268089
21.305 0.157038458479
21.310 0.157018656368
21.315 0.156998861751
21.320 0.156979074625
21.325 0.156959294985
21.330 0.156939522827
21.335 0.156919758147
21.340 0.156900000941
21.345 0.156880251205
21.350 0.156860508934
21.355 0.156840774126
21.360 0.156821046774
21.365 0.156801326877
21.370 0.156781614428
21.375 0.156761909425
21.380 0.156742211863
21.385 0.156722521739
21.390 0.156702839047
21.395 0.156683163784
21.400 0.156663495946
21.405 0.15664383553
21.410 0.15662418253
21.415 0.156604536942
21.420 0.156584898764
21.425 0.15656526799
21.430 0.156545644617
21.435 0.15652602864
21.440 0.156506420056
21.445 0.15648681886
21.450 0.156467225049
21.455 0.156447638618
21.460 0.156428059564
21.465 0.156408487882
21.470 0.156388923568
21.475 0.156369366619
21.480 0.15634981703
21.485 0.156330274798
21.490 0.156310739918
21.495 0.156291212386
21.500 0.156271692198
21.505 0.156252179351
21.510 0.156232673841
21.515 0.156213175662
21.520 0.156193684812
21.525 0.156174201287
21.530 0.156154725081
21.535 0.156135256193
21.540 0.156115794616
21.545 0.156096340349
21.550 0.156076893386
21.555 0.156057453723
21.560 0.156038021357
21.565 0.156018596284
21.570 0.155999178499
21.575 0.155979767999
21.580 0.15596036478
21.585 0.155940968838
21.590 0.155921580169
21.595 0.155902198768
21.600 0.155882824633
21.605 0.155863457759
21.610 0.155844098142
21.615 0.155824745779
21.620 0.155805400665
21.625 0.155786062796
21.630 0.155766732169
21.635 0.155747408779
21.640 0.155728092624
21.645 0.155708783698
21.650 0.155689481998
21.655 0.15567018752
21.660 0.15565090026
21.665 0.155631620214
21.670 0.155612347379
21.675 0.15559308175
21.680 0.155573823324
21.685 0.155554572096
21.690 0.155535328064
21.695 0.155516091222
21.700 0.155496861567
21.705 0.155477639096
21.710 0.155458423804
21.715 0.155439215687
21.720 0.155420014742
21.725 0.155400820965
21.730 0.155381634352
21.735 0.155362454899
21.740 0.155343282602
21.745 0.155324117458
21.750 0.155304959462
21.755 0.155285808611
21.760 0.155266664901
21.765 0.155247528328
21.770 0.155228398888
21.775 0.155209276578
21.780 0.155190161393
21.785 0.15517105333
21.790 0.155151952385
21.795 0.155132858554
21.800 0.155113771834
21.805 0.15509469222
21.810 0.155075619709
21.815 0.155056554297
21.820 0.155037495981
21.825 0.155018444755
21.830 0.154999400618
21.835 0.154980363564
21.840 0.15496133359
21.845 0.154942310692
21.850 0.154923294867
21.855 0.154904286111
21.860 0.154885284419
21.865 0.154866289789
21.870 0.154847302216
21.875 0.154828321697
21.880 0.154809348228
21.885 0.154790381805
21.890 0.154771422424
21.895 0.154752470082
21.900 0.154733524775
21.905 0.154714586499
21.910 0.154695655251
21.915 0.154676731026
21.920 0.154657813822
21.925 0.154638903633
21.930 0.154620000457
21.935 0.15460110429
21.940 0.154582215128
21.945 0.154563332967
21.950 0.154544457804
21.955 0.154525589635
21.960 0.154506728456
21.965 0.154487874264
21.970 0.154469027054
21.975 0.154450186824
21.980 0.154431353569
21.985 0.154412527285
21.990 0.15439370797
21.995 0.154374895619
22.000 0.154356090229
22.005 0.154337291796
22.010 0.154318500316
22.015 0.154299715786
22.020 0.154280938201
22.025 0.154262167559
22.030 0.154243403856
22.035 0.154224647088
22.040 0.154205897251
22.045 0.154187154341
22.050 0.154168418356
22.055 0.154149689291
22.060 0.154130967142
22.065 0.154112251907
22.070 0.154093543581
22.075 0.154074842161
22.080 0.154056147643
22.085 0.154037460024
22.090 0.154018779299
22.095 0.154000105466
22.100 0.15398143852
22.105 0.153962778459
22.110 0.153944125277
22.115 0.153925478973
22.120 0.153906839541
22.125 0.15388820698
22.130 0.153869581284
22.135 0.15385096245
22.140 0.153832350475
22.145 0.153813745356
22.150 0.153795147087
22.155 0.153776555667
22.160 0.153757971091
22.165 0.153739393356
22.170 0.153720822458
22.175 0.153702258394
22.180 0.15368370116
22.185 0.153665150752
22.190 0.153646607167
22.195 0.153628070401
22.200 0.153609540452
22.205 0.153591017314
22.210 0.153572500985
22.215 0.153553991461
22.220 0.153535488738
22.225 0.153516992814
22.230 0.153498503684
22.235 0.153480021344
22.240 0.153461545792
22.245 0.153443077024
22.250 0.153424615036
22.255 0.153406159825
22.260 0.153387711387
22.265 0.153369269718
22.270 0.153350834816
22.275 0.153332406676
22.280 0.153313985295
22.285 0.15329557067
22.290 0.153277162797
22.295 0.153258761673
22.300 0.153240367293
22.305 0.153221979655
22.310 0.153203598755
22.315 0.153185224589
22.320 0.153166857155
22.325 0.153148496448
22.330 0.153130142465
22.335 0.153111795202
22.340 0.153093454657
22.345 0.153075120825
22.350 0.153056793703
22.355 0.153038473287
22.360 0.153020159575
22.365 0.153001852563
22.370 0.152983552246
22.375 0.152965258623
22.380 0.152946971688
22.385 0.152928691439
22.390 0.152910417873
22.395 0.152892150986
22.400 0.152873890774
22.405 0.152855637233
22.410 0.152837390362
22.415 0.152819150155
22.420 0.15280091661
22.425 0.152782689723
22.430 0.152764469491
22.435 0.152746255911
22.440 0.152728048978
22.445 0.152709848689
22.450 0.152691655042
22.455 0.152673468032
22.460 0.152655287656
22.465 0.152637113911
22.470 0.152618946794
22.475 0.1526007863
22.480 0.152582632427
22.485 0.152564485171
22.490 0.152546344528
22.495 0.152528210496
22.500 0.152510083071
22.505 0.15249196225
22.510 0.152473848028
22.515 0.152455740403
22.520 0.152437639372
22.525 0.15241954493
22.530 0.152401457075
22.535 0.152383375803
22.540 0.152365301111
22.545 0.152347232996
22.550 0.152329171453
22.555 0.15231111648
22.560 0.152293068074
22.565 0.15227502623
22.570 0.152256990946
22.575 0.152238962218
22.580 0.152220940043
22.585 0.152202924418
22.590 0.152184915339
22.595 0.152166912802
22.600 0.152148916805
22.605 0.152130927344
22.610 0.152112944416
22.615 0.152094968018
22.620 0.152076998145
22.625 0.152059034796
22.630 0.152041077965
22.635 0.152023127651
22.640 0.15200518385
22.645 0.151987246558
22.650 0.151969315773
22.655 0.15195139149
22.660 0.151933473707
22.665 0.15191556242
22.670 0.151897657625
22.675 0.151879759321
22.680 0.151861867503
22.685 0.151843982167
22.690 0.151826103312
22.695 0.151808230933
22.700 0.151790365027
22.705 0.15177250559
22.710 0.151754652621
22.715 0.151736806114
22.720 0.151718966068
22.725 0.151701132478
22.730 0.151683305342
22.735 0.151665484655
22.740 0.151647670416
22.745 0.15162986262
22.750 0.151612061265
22.755 0.151594266346
22.760 0.151576477862
22.765 0.151558695807
22.770 0.151540920181
22.775 0.151523150978
22.780 0.151505388196
22.785 0.151487631831
22.790 0.151469881881
22.795 0.151452138342
22.800 0.15143440121
22.805 0.151416670483
22.810 0.151398946158
22.815 0.15138122823
22.820 0.151363516698
22.825 0.151345811557
22.830 0.151328112804
22.835 0.151310420436
22.840 0.151292734451
22.845 0.151275054844
22.850 0.151257381613
22.855 0.151239714754
22.860 0.151222054264
22.865 0.15120440014
22.870 0.151186752378
22.875 0.151169110976
22.880 0.151151475931
22.885 0.151133847238
22.890 0.151116224895
22.895 0.151098608899
22.900 0.151080999247
22.905 0.151063395934
22.910 0.151045798959
22.915 0.151028208318
22.920 0.151010624007
22.925 0.150993046025
22.930 0.150975474366
22.935 0.150957909029
22.940 0.150940350009
22.945 0.150922797305
22.950 0.150905250912
22.955 0.150887710828
22.960 0.150870177049
22.965 0.150852649573
22.970 0.150835128395
22.975 0.150817613513
22.980 0.150800104925
22.985 0.150782602625
22.990 0.150765106613
22.995 0.150747616883
23.000 0.150730133434
23.005 0.150712656262
23.010 0.150695185363
23.015 0.150677720736
23.020 0.150660262376
23.025 0.150642810281
23.030 0.150625364447
23.035 0.150607924871
23.040 0.15059049155
23.045 0.150573064482
23.050 0.150555643662
23.055 0.150538229088
23.060 0.150520820757
23.065 0.150503418665
23.070 0.15048602281
23.075 0.150468633188
23.080 0.150451249796
23.085 0.150433872632
23.090 0.150416501691
23.095 0.150399136972
23.100 0.15038177847
23.105 0.150364426183
23.110 0.150347080108
23.115 0.150329740241
23.120 0.15031240658
23.125 0.150295079121
23.130 0.150277757862
23.135 0.150260442799
23.140 0.150243133929
23.145 0.150225831249
23.150 0.150208534757
23.155 0.150191244448
23.160 0.15017396032
23.165 0.150156682371
23.170 0.150139410595
23.175 0.150122144992
23.180 0.150104885557
23.185 0.150087632288
23.190 0.150070385182
23.195 0.150053144235
23.200 0.150035909445
23.205 0.150018680808
23.210 0.150001458321
23.215 0.149984241982
23.220 0.149967031788
23.225 0.149949827734
23.230 0.149932629819
23.235 0.149915438039
23.240 0.149898252391
23.245 0.149881072873
23.250 0.14986389948
23.255 0.149846732211
23.260 0.149829571062
23.265 0.14981241603
23.270 0.149795267113
23.275 0.149778124306
23.280 0.149760987607
23.285 0.149743857014
23.290 0.149726732522
23.295 0.14970961413
23.300 0.149692501834
23.305 0.14967539563
23.310 0.149658295517
23.315 0.149641201491
23.320 0.149624113549
23.325 0.149607031689
23.330 0.149589955906
23.335 0.149572886199
23.340 0.149555822563
23.345 0.149538764997
23.350 0.149521713497
23.355 0.149504668061
23.360 0.149487628685
23.365 0.149470595366
23.370 0.149453568101
23.375 0.149436546888
23.380 0.149419531723
23.385 0.149402522603
23.390 0.149385519527
23.395 0.149368522489
23.400 0.149351531488
23.405 0.149334546521
23.410 0.149317567585
23.415 0.149300594676
23.420 0.149283627793
23.425 0.149266666931
23.430 0.149249712088
23.435 0.149232763261
23.440 0.149215820447
23.445 0.149198883643
23.450 0.149181952846
23.455 0.149165028054
23.460 0.149148109263
23.465 0.14913119647
23.470 0.149114289673
23.475 0.149097388869
23.480 0.149080494054
23.485 0.149063605226
23.490 0.149046722381
23.495 0.149029845518
23.500 0.149012974633
23.505 0.148996109722
23.510 0.148979250784
23.515 0.148962397816
23.520 0.148945550813
23.525 0.148928709775
23.530 0.148911874697
23.535 0.148895045576
23.540 0.148878222411
23.545 0.148861405197
23.550 0.148844593932
23.555 0.148827788614
23.560 0.148810989239
23.565 0.148794195804
23.570 0.148777408307
23.575 0.148760626745
23.580 0.148743851114
23.585 0.148727081413
23.590 0.148710317637
23.595 0.148693559785
23.600 0.148676807852
23.605 0.148660061838
23.610 0.148643321738
23.615 0.14862658755
23.620 0.14860985927
23.625 0.148593136897
23.630 0.148576420427
23.635 0.148559709857
23.640 0.148543005185
23.645 0.148526306408
23.650 0.148509613522
23.655 0.148492926525
23.660 0.148476245415
23.665 0.148459570187
23.670 0.14844290084
23.675 0.148426237371
23.680 0.148409579777
23.685 0.148392928055
23.690 0.148376282202
23.695 0.148359642215
23.700 0.148343008091
23.705 0.148326379829
23.710 0.148309757424
23.715 0.148293140875
23.720 0.148276530177
23.725 0.148259925329
23.730 0.148243326328
23.735 0.148226733171
23.740 0.148210145854
23.745 0.148193564376
23.750 0.148176988734
23.755 0.148160418924
23.760 0.148143854944
23.765 0.148127296791
23.770 0.148110744462
23.775 0.148094197955
23.780 0.148077657266
23.785 0.148061122393
23.790 0.148044593334
23.795 0.148028070085
23.800 0.148011552643
23.805 0.147995041006
23.810 0.147978535171
23.815 0.147962035136
23.820 0.147945540897
23.825 0.147929052452
23.830 0.147912569797
23.835 0.147896092931
23.840 0.14787962185
23.845 0.147863156552
23.850 0.147846697034
23.855 0.147830243293
23.860 0.147813795327
23.865 0.147797353132
23.870 0.147780916706
23.875 0.147764486047
23.880 0.14774806115
23.885 0.147731642015
23.890 0.147715228637
23.895 0.147698821014
23.900 0.147682419145
23.905 0.147666023024
23.910 0.147649632651
23.915 0.147633248022
23.920 0.147616869135
23.925 0.147600495986
23.930 0.147584128574
23.935 0.147567766895
23.940 0.147551410946
23.945 0.147535060726
23.950 0.147518716231
23.955 0.147502377458
23.960 0.147486044405
23.965 0.147469717069
23.970 0.147453395448
23.975 0.147437079538
23.980 0.147420769338
23.985 0.147404464843
23.990 0.147388166053
23.995 0.147371872963
24.000 0.147355585571
24.005 0.147339303875
24.010 0.147323027871
24.015 0.147306757558
24.020 0.147290492932
24.025 0.147274233991
24.030 0.147257980732
24.035 0.147241733153
24.040 0.14722549125
24.045 0.147209255021
24.050 0.147193024464
24.055 0.147176799575
24.060 0.147160580353
24.065 0.147144366793
24.070 0.147128158895
24.075 0.147111956654
24.080 0.147095760069
24.085 0.147079569136
24.090 0.147063383854
24.095 0.147047204219
24.100 0.147031030229
24.105 0.14701486188
24.110 0.146998699172
24.115 0.1469825421
24.120 0.146966390662
24.125 0.146950244855
24.130 0.146934104678
24.135 0.146917970127
24.140 0.146901841199
24.145 0.146885717892
24.150 0.146869600204
24.155 0.146853488131
24.160 0.146837381671
24.165 0.146821280822
24.170 0.146805185581
24.175 0.146789095944
24.180 0.146773011911
24.185 0.146756933477
24.190 0.14674086064
24.195 0.146724793399
24.200 0.146708731749
24.205 0.146692675689
24.210 0.146676625215
24.215 0.146660580326
24.220 0.146644541019
24.225 0.14662850729
24.230 0.146612479138
24.235 0.14659645656
24.240 0.146580439553
24.245 0.146564428115
24.250 0.146548422242
24.255 0.146532421934
24.260 0.146516427186
24.265 0.146500437996
24.270 0.146484454362
24.275 0.146468476281
24.280 0.146452503751
24.285 0.146436536768
24.290 0.146420575331
24.295 0.146404619437
24.300 0.146388669083
24.305 0.146372724267
24.310 0.146356784985
24.315 0.146340851236
24.320 0.146324923017
24.325 0.146309000326
24.330 0.146293083159
24.335 0.146277171514
24.340 0.146261265389
24.345 0.146245364782
24.350 0.146229469688
24.355 0.146213580107
24.360 0.146197696035
24.365 0.146181817471
24.370 0.14616594441
24.375 0.146150076851
24.380 0.146134214792
24.385 0.146118358229
24.390 0.146102507161
24.395 0.146086661584
24.400 0.146070821496
24.405 0.146054986895
24.410 0.146039157777
24.415 0.146023334142
24.420 0.146007515985
24.425 0.145991703305
24.430 0.145975896098
24.435 0.145960094363
24.440 0.145944298097
24.445 0.145928507298
24.450 0.145912721962
24.455 0.145896942087
24.460 0.145881167671
24.465 0.145865398712
24.470 0.145849635206
24.475 0.145833877152
24.480 0.145818124546
24.485 0.145802377386
24.490 0.145786635671
24.495 0.145770899396
24.500 0.145755168561
24.505 0.145739443161
24.510 0.145723723196
24.515 0.145708008661
24.520 0.145692299556
24.525 0.145676595876
24.530 0.145660897621
24.535 0.145645204787
24.540 0.145629517371
24.545 0.145613835372
24.550 0.145598158787
24.555 0.145582487613
24.560 0.145566821848
24.565 0.14555116149
24.570 0.145535506535
24.575 0.145519856982
24.580 0.145504212828
24.585 0.145488574071
24.590 0.145472940707
24.595 0.145457312736
24.600 0.145441690153
24.605 0.145426072957
24.610 0.145410461145
24.615 0.145394854715
24.620 0.145379253665
24.625 0.145363657991
24.630 0.145348067692
24.635 0.145332482764
24.640 0.145316903206
24.645 0.145301329016
24.650 0.14528576019
24.655 0.145270196726
24.660 0.145254638621
24.665 0.145239085874
24.670 0.145223538482
24.675 0.145207996443
24.680 0.145192459753
24.685 0.145176928411
24.690 0.145161402414
24.695 0.14514588176
24.700 0.145130366446
24.705 0.14511485647
24.710 0.145099351829
24.715 0.145083852521
24.720 0.145068358544
24.725 0.145052869896
24.730 0.145037386572
24.735 0.145021908573
24.740 0.145006435894
24.745 0.144990968533
24.750 0.144975506489
24.755 0.144960049759
24.760 0.14494459834
24.765 0.144929152229
24.770 0.144913711425
24.775 0.144898275926
24.780 0.144882845728
24.785 0.144867420829
24.790 0.144852001227
24.795 0.14483658692
24.800 0.144821177905
24.805 0.144805774179
24.810 0.144790375741
24.815 0.144774982588
24.820 0.144759594718
24.825 0.144744212127
24.830 0.144728834815
24.835 0.144713462778
24.840 0.144698096014
24.845 0.14468273452
24.850 0.144667378295
24.855 0.144652027336
24.860 0.144636681641
24.865 0.144621341207
24.870 0.144606006031
24.875 0.144590676112
24.880 0.144575351447
24.885 0.144560032034
24.890 0.14454471787
24.895 0.144529408954
24.900 0.144514105282
24.905 0.144498806852
24.910 0.144483513662
24.915 0.14446822571
24.920 0.144452942993
24.925 0.14443766551
24.930 0.144422393256
24.935 0.144407126231
24.940 0.144391864432
24.945 0.144376607856
24.950 0.144361356502
24.955 0.144346110366
24.960 0.144330869447
24.965 0.144315633743
24.970 0.14430040325
24.975 0.144285177966
24.980 0.14426995789
24.985 0.144254743019
24.990 0.14423953335
24.995 0.144224328882
25.000 0.144209129611
25.005 0.144201247074
25.010 0.144193368296
25.015 0.144185493276
25.020 0.144177622012
25.025 0.144169754503
25.030 0.144161890748
25.035 0.144154030744
25.040 0.14414617449
25.045 0.144138321985
25.050 0.144130473228
25.055 0.144122628216
25.060 0.144114786949
25.065 0.144106949424
25.070 0.144099115641
25.075 0.144091285598
25.080 0.144083459293
25.085 0.144075636726
25.090 0.144067817894
25.095 0.144060002796
25.100 0.14405219143
25.105 0.144044383796
25.110 0.144036579891
25.115 0.144028779715
25.120 0.144020983265
25.125 0.14401319054
25.130 0.144005401539
25.135 0.143997616261
25.140 0.143989834703
25.145 0.143982056865
25.150 0.143974282745
25.155 0.143966512341
25.160 0.143958745652
25.165 0.143950982677
25.170 0.143943223414
25.175 0.143935467862
25.180 0.143927716018
25.185 0.143919967883
25.190 0.143912223454
25.195 0.14390448273
25.200 0.143896745709
25.205 0.14388901239
25.210 0.143881282772
25.215 0.143873556853
25.220 0.143865834631
25.225 0.143858116106
25.230 0.143850401275
25.235 0.143842690138
25.240 0.143834982693
25.245 0.143827278938
25.250 0.143819578872
25.255 0.143811882494
25.260 0.143804189802
25.265 0.143796500795
25.270 0.143788815471
25.275 0.143781133829
25.280 0.143773455867
25.285 0.143765781585
25.290 0.14375811098
25.295 0.143750444051
25.300 0.143742780797
25.305 0.143735121216
25.310 0.143727465307
25.315 0.143719813069
25.320 0.143712164499
25.325 0.143704519598
25.330 0.143696878362
25.335 0.143689240792
25.340 0.143681606885
25.345 0.14367397664
25.350 0.143666350055
25.355 0.14365872713
25.360 0.143651107862
25.365 0.143643492251
25.370 0.143635880294
25.375 0.143628271992
25.380 0.143620667341
25.385 0.143613066341
25.390 0.143605468991
25.395 0.143597875288
25.400 0.143590285232
25.405 0.143582698821
25.410 0.143575116054
25.415 0.143567536929
25.420 0.143559961446
25.425 0.143552389601
25.430 0.143544821395
25.435 0.143537256826
25.440 0.143529695892
25.445 0.143522138592
25.450 0.143514584925
25.455 0.143507034889
25.460 0.143499488482
25.465 0.143491945705
25.470 0.143484406554
25.475 0.143476871029
25.480 0.143469339128
25.485 0.14346181085
25.490 0.143454286194
25.495 0.143446765158
25.500 0.14343924774
25.505 0.14343173394
25.510 0.143424223757
25.515 0.143416717187
25.520 0.143409214231
25.525 0.143401714887
25.530 0.143394219154
25.535 0.14338672703
25.540 0.143379238513
25.545 0.143371753603
25.550 0.143364272298
25.555 0.143356794597
25.560 0.143349320498
25.565 0.143341850001
25.570 0.143334383102
25.575 0.143326919802
25.580 0.143319460099
25.585 0.143312003992
25.590 0.143304551479
25.595 0.143297102558
25.600 0.143289657229
25.605 0.14328221549
25.610 0.14327477734
25.615 0.143267342778
25.620 0.143259911801
25.625 0.14325248441
25.630 0.143245060601
25.635 0.143237640375
25.640 0.143230223729
25.645 0.143222810663
25.650 0.143215401175
25.655 0.143207995263
25.660 0.143200592927
25.665 0.143193194164
25.670 0.143185798975
25.675 0.143178407356
25.680 0.143171019308
25.685 0.143163634828
25.690 0.143156253915
25.695 0.143148876569
25.700 0.143141502787
25.705 0.143134132568
25.710 0.143126765912
25.715 0.143119402816
25.720 0.143112043279
25.725 0.1431046873
25.730 0.143097334878
25.735 0.143089986012
25.740 0.143082640699
25.745 0.143075298939
25.750 0.14306796073
25.755 0.143060626072
25.760 0.143053294962
25.765 0.143045967399
25.770 0.143038643383
25.775 0.143031322911
25.780 0.143024005983
25.785 0.143016692597
25.790 0.143009382752
25.795 0.143002076446
25.800 0.142994773679
25.805 0.142987474448
25.810 0.142980178753
25.815 0.142972886593
25.820 0.142965597965
25.825 0.142958312869
25.830 0.142951031303
25.835 0.142943753267
25.840 0.142936478758
25.845 0.142929207776
25.850 0.142921940318
25.855 0.142914676385
25.860 0.142907415974
25.865 0.142900159085
25.870 0.142892905715
25.875 0.142885655864
25.880 0.142878409531
25.885 0.142871166713
25.890 0.142863927411
25.895 0.142856691622
25.900 0.142849459345
25.905 0.142842230579
25.910 0.142835005323
25.915 0.142827783575
25.920 0.142820565334
25.925 0.142813350599
25.930 0.142806139368
25.935 0.142798931641
25.940 0.142791727415
25.945 0.14278452669
25.950 0.142777329465
25.955 0.142770135738
25.960 0.142762945507
25.965 0.142755758772
25.970 0.142748575532
25.975 0.142741395784
25.980 0.142734219528
25.985 0.142727046762
25.990 0.142719877486
25.995 0.142712711698
26.000 0.142705549396
26.005 0.14269839058
26.010 0.142691235248
26.015 0.142684083398
26.020 0.14267693503
26.025 0.142669790143
26.030 0.142662648734
26.035 0.142655510804
26.040 0.14264837635
26.045 0.142641245371
26.050 0.142634117866
26.055 0.142626993834
26.060 0.142619873274
26.065 0.142612756183
26.070 0.142605642562
26.075 0.142598532408
26.080 0.142591425721
26.085 0.1425843225
26.090 0.142577222742
26.095 0.142570126447
26.100 0.142563033613
26.105 0.14255594424
26.110 0.142548858325
26.115 0.142541775869
26.120 0.142534696869
26.125 0.142527621324
26.130 0.142520549233
26.135 0.142513480595
26.140 0.142506415409
26.145 0.142499353673
26.150 0.142492295386
26.155 0.142485240546
26.160 0.142478189154
26.165 0.142471141206
26.170 0.142464096703
26.175 0.142457055643
26.180 0.142450018024
26.185 0.142442983846
26.190 0.142435953107
26.195 0.142428925806
26.200 0.142421901942
26.205 0.142414881514
26.210 0.142407864519
26.215 0.142400850958
26.220 0.142393840828
26.225 0.142386834129
26.230 0.14237983086
26.235 0.142372831019
26.240 0.142365834604
26.245 0.142358841616
26.250 0.142351852052
26.255 0.142344865911
26.260 0.142337883193
26.265 0.142330903895
26.270 0.142323928017
26.275 0.142316955557
26.280 0.142309986515
26.285 0.142303020889
26.290 0.142296058677
26.295 0.142289099879
26.300 0.142282144494
26.305 0.142275192519
26.310 0.142268243955
26.315 0.1422612988
26.320 0.142254357052
26.325 0.14224741871
26.330 0.142240483774
26.335 0.142233552241
26.340 0.142226624112
26.345 0.142219699384
26.350 0.142212778056
26.355 0.142205860128
26.360 0.142198945597
26.365 0.142192034464
26.370 0.142185126726
26.375 0.142178222382
26.380 0.142171321432
26.385 0.142164423873
26.390 0.142157529706
26.395 0.142150638928
26.400 0.142143751538
26.405 0.142136867536
26.410 0.14212998692
26.415 0.142123109689
26.420 0.142116235842
26.425 0.142109365377
26.430 0.142102498293
26.435 0.14209563459
26.440 0.142088774266
26.445 0.142081917319
26.450 0.142075063749
26.455 0.142068213555
26.460 0.142061366734
26.465 0.142054523287
26.470 0.142047683212
26.475 0.142040846508
26.480 0.142034013173
26.485 0.142027183207
26.490 0.142020356608
26.495 0.142013533375
26.500 0.142006713507
26.505 0.141999897002
26.510 0.14199308386
26.515 0.14198627408
26.520 0.14197946766
26.525 0.141972664599
26.530 0.141965864896
26.535 0.141959068549
26.540 0.141952275558
26.545 0.141945485922
26.550 0.141938699639
26.555 0.141931916708
26.560 0.141925137128
26.565 0.141918360898
26.570 0.141911588016
26.575 0.141904818482
26.580 0.141898052294
26.585 0.141891289452
26.590 0.141884529953
26.595 0.141877773798
26.600 0.141871020984
26.605 0.14186427151
26.610 0.141857525377
26.615 0.141850782581
26.620 0.141844043123
26.625 0.141837307
26.630 0.141830574213
26.635 0.141823844759
26.640 0.141817118638
26.645 0.141810395848
26.650 0.141803676389
26.655 0.141796960258
26.660 0.141790247456
26.665 0.14178353798
26.670 0.141776831831
26.675 0.141770129006
26.680 0.141763429504
26.685 0.141756733325
26.690 0.141750040467
26.695 0.141743350929
26.700 0.14173666471
26.705 0.141729981809
26.710 0.141723302224
26.715 0.141716625955
26.720 0.141709953001
26.725 0.14170328336
26.730 0.141696617031
26.735 0.141689954013
26.740 0.141683294305
26.745 0.141676637905
26.750 0.141669984814
26.755 0.141663335029
26.760 0.14165668855
26.765 0.141650045374
26.770 0.141643405502
26.775 0.141636768933
26.780 0.141630135664
26.785 0.141623505695
26.790 0.141616879025
26.795 0.141610255652
26.800 0.141603635576
26.805 0.141597018795
26.810 0.141590405309
26.815 0.141583795116
26.820 0.141577188215
26.825 0.141570584605
26.830 0.141563984285
26.835 0.141557387254
26.840 0.14155079351
26.845 0.141544203053
26.850 0.141537615881
26.855 0.141531031994
26.860 0.14152445139
26.865 0.141517874068
26.870 0.141511300027
26.875 0.141504729266
26.880 0.141498161784
26.885 0.14149159758
26.890 0.141485036652
26.895 0.141478479
26.900 0.141471924623
26.905 0.141465373519
26.910 0.141458825687
26.915 0.141452281126
26.920 0.141445739836
26.925 0.141439201814
26.930 0.141432667061
26.935 0.141426135574
26.940 0.141419607353
26.945 0.141413082397
26.950 0.141406560704
26.955 0.141400042274
26.960 0.141393527105
26.965 0.141387015197
26.970 0.141380506548
26.975 0.141374001157
26.980 0.141367499023
26.985 0.141361000145
26.990 0.141354504522
26.995 0.141348012153
27.000 0.141341523037
27.005 0.141335037173
27.010 0.141328554559
27.015 0.141322075195
27.020 0.141315599079
27.025 0.141309126211
27.030 0.141302656589
27.035 0.141296190212
27.040 0.141289727079
27.045 0.14128326719
27.050 0.141276810543
27.055 0.141270357137
27.060 0.141263906971
27.065 0.141257460043
27.070 0.141251016354
27.075 0.141244575901
27.080 0.141238138684
27.085 0.141231704701
27.090 0.141225273953
27.095 0.141218846436
27.100 0.141212422151
27.105 0.141206001097
27.110 0.141199583272
27.115 0.141193168675
27.120 0.141186757306
27.125 0.141180349162
27.130 0.141173944244
27.135 0.14116754255
27.140 0.141161144079
27.145 0.14115474883
27.150 0.141148356801
27.155 0.141141967993
27.160 0.141135582404
27.165 0.141129200032
27.170 0.141122820877
27.175 0.141116444938
27.180 0.141110072213
27.185 0.141103702702
27.190 0.141097336404
27.195 0.141090973317
27.200 0.14108461344
27.205 0.141078256774
27.210 0.141071903315
27.215 0.141065553064
27.220 0.141059206019
27.225 0.141052862179
27.230 0.141046521544
27.235 0.141040184112
27.240 0.141033849882
27.245 0.141027518853
27.250 0.141021191025
27.255 0.141014866395
27.260 0.141008544964
27.265 0.14100222673
27.270 0.140995911691
27.275 0.140989599848
27.280 0.140983291198
27.285 0.140976985742
27.290 0.140970683477
27.295 0.140964384403
27.300 0.14095808852
27.305 0.140951795825
27.310 0.140945506317
27.315 0.140939219997
27.320 0.140932936862
27.325 0.140926656912
27.330 0.140920380146
27.335 0.140914106563
27.340 0.140907836161
27.345 0.14090156894
27.350 0.140895304898
27.355 0.140889044035
27.360 0.14088278635
27.365 0.140876531842
27.370 0.140870280509
27.375 0.14086403235
27.380 0.140857787366
27.385 0.140851545554
27.390 0.140845306913
27.395 0.140839071443
27.400 0.140832839143
27.405 0.140826610011
27.410 0.140820384047
27.415 0.140814161249
27.420 0.140807941617
27.425 0.140801725149
27.430 0.140795511845
27.435 0.140789301703
27.440 0.140783094723
27.445 0.140776890904
27.450 0.140770690244
27.455 0.140764492742
27.460 0.140758298399
27.465 0.140752107211
27.470 0.14074591918
27.475 0.140739734302
27.480 0.140733552579
27.485 0.140727374008
27.490 0.140721198588
27.495 0.14071502632
27.500 0.1407088572
27.505 0.14070269123
27.510 0.140696528407
27.515 0.140690368731
27.520 0.1406842122
27.525 0.140678058814
27.530 0.140671908572
27.535 0.140665761472
27.540 0.140659617514
27.545 0.140653476697
27.550 0.14064733902
27.555 0.140641204481
27.560 0.14063507308
27.565 0.140628944817
27.570 0.140622819688
27.575 0.140616697695
27.580 0.140610578836
27.585 0.140604463109
27.590 0.140598350515
27.595 0.140592241051
27.600 0.140586134718
27.605 0.140580031513
27.610 0.140573931437
27.615 0.140567834487
27.620 0.140561740664
27.625 0.140555649966
27.630 0.140549562392
27.635 0.140543477941
27.640 0.140537396612
27.645 0.140531318405
27.650 0.140525243318
27.655 0.14051917135
27.660 0.140513102501
27.665 0.140507036769
27.670 0.140500974154
27.675 0.140494914654
27.680 0.140488858268
27.685 0.140482804996
27.690 0.140476754837
27.695 0.14047070779
27.700 0.140464663853
27.705 0.140458623026
27.710 0.140452585307
27.715 0.140446550697
27.720 0.140440519193
27.725 0.140434490795
27.730 0.140428465502
27.735 0.140422443314
27.740 0.140416424228
27.745 0.140410408244
27.750 0.140404395362
27.755 0.14039838558
27.760 0.140392378897
27.765 0.140386375312
27.770 0.140380374825
27.775 0.140374377434
27.780 0.140368383139
27.785 0.140362391938
27.790 0.140356403831
27.795 0.140350418817
27.800 0.140344436894
27.805 0.140338458062
27.810 0.14033248232
27.815 0.140326509667
27.820 0.140320540102
27.825 0.140314573623
27.830 0.140308610231
27.835 0.140302649924
27.840 0.140296692702
27.845 0.140290738562
27.850 0.140284787505
27.855 0.140278839529
27.860 0.140272894634
27.865 0.140266952819
27.870 0.140261014082
27.875 0.140255078423
27.880 0.14024914584
27.885 0.140243216333
27.890 0.140237289902
27.895 0.140231366544
27.900 0.140225446259
27.905 0.140219529047
27.910 0.140213614906
27.915 0.140207703835
27.920 0.140201795833
27.925 0.1401958909
27.930 0.140189989034
27.935 0.140184090235
27.940 0.140178194502
27.945 0.140172301834
27.950 0.140166412229
27.955 0.140160525687
27.960 0.140154642208
27.965 0.140148761789
27.970 0.140142884431
27.975 0.140137010132
27.980 0.140131138891
27.985 0.140125270708
27.990 0.140119405581
27.995 0.14011354351
28.000 0.140107684494
28.005 0.140101828532
28.010 0.140095975622
28.015 0.140090125765
28.020 0.140084278958
28.025 0.140078435202
28.030 0.140072594495
28.035 0.140066756836
28.040 0.140060922225
28.045 0.140055090661
28.050 0.140049262142
28.055 0.140043436668
28.060 0.140037614238
28.065 0.140031794851
28.070 0.140025978506
28.075 0.140020165202
28.080 0.140014354938
28.085 0.140008547714
28.090 0.140002743528
28.095 0.13999694238
28.100 0.139991144269
28.105 0.139985349193
28.110 0.139979557152
28.115 0.139973768146
28.120 0.139967982172
28.125 0.139962199231
28.130 0.139956419321
28.135 0.139950642441
28.140 0.139944868591
28.145 0.13993909777
28.150 0.139933329977
28.155 0.13992756521
28.160 0.13992180347
28.165 0.139916044755
28.170 0.139910289063
28.175 0.139904536396
28.180 0.139898786751
28.185 0.139893040127
28.190 0.139887296524
28.195 0.139881555941
28.200 0.139875818377
28.205 0.139870083832
28.210 0.139864352303
28.215 0.139858623791
28.220 0.139852898294
28.225 0.139847175812
28.230 0.139841456343
28.235 0.139835739888
28.240 0.139830026444
28.245 0.139824316011
28.250 0.139818608589
28.255 0.139812904176
28.260 0.139807202772
28.265 0.139801504375
28.270 0.139795808985
28.275 0.1397901166
28.280 0.139784427221
28.285 0.139778740846
28.290 0.139773057474
28.295 0.139767377105
28.300 0.139761699737
28.305 0.13975602537
28.310 0.139750354003
28.315 0.139744685635
28.320 0.139739020265
28.325 0.139733357892
28.330 0.139727698515
28.335 0.139722042134
28.340 0.139716388748
28.345 0.139710738355
28.350 0.139705090956
28.355 0.139699446548
28.360 0.139693805132
28.365 0.139688166706
28.370 0.13968253127
28.375 0.139676898823
28.380 0.139671269363
28.385 0.13966564289
28.390 0.139660019404
28.395 0.139654398902
28.400 0.139648781385
28.405 0.139643166852
28.410 0.139637555302
28.415 0.139631946733
28.420 0.139626341145
28.425 0.139620738538
28.430 0.13961513891
28.435 0.13960954226
28.440 0.139603948588
28.445 0.139598357893
28.450 0.139592770174
28.455 0.13958718543
28.460 0.139581603661
28.465 0.139576024865
28.470 0.139570449041
28.475 0.139564876189
28.480 0.139559306308
28.485 0.139553739398
28.490 0.139548175456
28.495 0.139542614483
28.500 0.139537056478
28.505 0.139531501439
28.510 0.139525949367
28.515 0.139520400259
28.520 0.139514854116
28.525 0.139509310936
28.530 0.139503770719
28.535 0.139498233463
28.540 0.139492699169
28.545 0.139487167834
28.550 0.139481639459
28.555 0.139476114043
28.560 0.139470591584
28.565 0.139465072082
28.570 0.139459555536
28.575 0.139454041945
28.580 0.139448531308
28.585 0.139443023625
28.590 0.139437518894
28.595 0.139432017116
28.600 0.139426518289
28.605 0.139421022411
28.610 0.139415529484
28.615 0.139410039504
28.620 0.139404552473
28.625 0.139399068389
28.630 0.13939358725
28.635 0.139388109058
28.640 0.139382633809
28.645 0.139377161505
28.650 0.139371692143
28.655 0.139366225723
28.660 0.139360762245
28.665 0.139355301707
28.670 0.139349844109
28.675 0.139344389449
28.680 0.139338937728
28.685 0.139333488944
28.690 0.139328043096
28.695 0.139322600184
28.700 0.139317160207
28.705 0.139311723163
28.710 0.139306289053
28.715 0.139300857876
28.720 0.13929542963
28.725 0.139290004314
28.730 0.139284581929
28.735 0.139279162473
28.740 0.139273745945
28.745 0.139268332345
28.750 0.139262921672
28.755 0.139257513924
28.760 0.139252109102
28.765 0.139246707204
28.770 0.13924130823
28.775 0.139235912179
28.780 0.13923051905
28.785 0.139225128841
28.790 0.139219741554
28.795 0.139214357186
28.800 0.139208975736
28.805 0.139203597205
28.810 0.139198221591
28.815 0.139192848894
28.820 0.139187479112
28.825 0.139182112245
28.830 0.139176748292
28.835 0.139171387253
28.840 0.139166029126
28.845 0.139160673911
28.850 0.139155321606
28.855 0.139149972212
28.860 0.139144625728
28.865 0.139139282152
28.870 0.139133941483
28.875 0.139128603722
28.880 0.139123268867
28.885 0.139117936918
28.890 0.139112607873
28.895 0.139107281732
28.900 0.139101958495
28.905 0.139096638159
28.910 0.139091320726
28.915 0.139086006193
28.920 0.13908069456
28.925 0.139075385826
28.930 0.139070079991
28.935 0.139064777054
28.940 0.139059477013
28.945 0.139054179869
28.950 0.13904888562
28.955 0.139043594266
28.960 0.139038305806
28.965 0.139033020238
28.970 0.139027737563
28.975 0.13902245778
28.980 0.139017180887
28.985 0.139011906885
28.990 0.139006635771
28.995 0.139001367547
29.000 0.13899610221
29.005 0.13898296473
29.010 0.138969831522
29.015 0.138956702585
29.020 0.138943577918
29.025 0.138930457519
29.030 0.138917341386
29.035 0.138904229518
29.040 0.138891121913
29.045 0.13887801857
29.050 0.138864919488
29.055 0.138851824665
29.060 0.138838734099
29.065 0.138825647788
29.070 0.138812565733
29.075 0.13879948793
29.080 0.138786414379
29.085 0.138773345078
29.090 0.138760280025
29.095 0.13874721922
29.100 0.13873416266
29.105 0.138721110344
29.110 0.13870806227
29.115 0.138695018438
29.120 0.138681978845
29.125 0.138668943491
29.130 0.138655912373
29.135 0.13864288549
29.140 0.138629862841
29.145 0.138616844424
29.150 0.138603830239
29.155 0.138590820282
29.160 0.138577814553
29.165 0.138564813051
29.170 0.138551815774
29.175 0.138538822719
29.180 0.138525833887
29.185 0.138512849276
29.190 0.138499868883
29.195 0.138486892708
29.200 0.13847392075
29.205 0.138460953006
29.210 0.138447989475
29.215 0.138435030155
29.220 0.138422075046
29.225 0.138409124146
29.230 0.138396177454
29.235 0.138383234967
29.240 0.138370296684
29.245 0.138357362605
29.250 0.138344432727
29.255 0.138331507049
29.260 0.13831858557
29.265 0.138305668288
29.270 0.138292755202
29.275 0.138279846311
29.280 0.138266941612
29.285 0.138254041104
29.290 0.138241144786
29.295 0.138228252657
29.300 0.138215364715
29.305 0.138202480959
29.310 0.138189601387
29.315 0.138176725997
29.320 0.138163854789
29.325 0.138150987761
29.330 0.138138124911
29.335 0.138125266239
29.340 0.138112411742
29.345 0.138099561419
29.350 0.138086715268
29.355 0.138073873289
29.360 0.13806103548
29.365 0.138048201839
29.370 0.138035372366
29.375 0.138022547057
29.380 0.138009725913
29.385 0.137996908932
29.390 0.137984096112
29.395 0.137971287452
29.400 0.13795848295
29.405 0.137945682605
29.410 0.137932886416
29.415 0.137920094381
29.420 0.137907306499
29.425 0.137894522768
29.430 0.137881743187
29.435 0.137868967755
29.440 0.137856196469
29.445 0.137843429329
29.450 0.137830666334
29.455 0.137817907481
29.460 0.13780515277
29.465 0.137792402199
29.470 0.137779655767
29.475 0.137766913471
29.480 0.137754175312
29.485 0.137741441287
29.490 0.137728711395
29.495 0.137715985634
29.500 0.137703264004
29.505 0.137690546502
29.510 0.137677833128
29.515 0.13766512388
29.520 0.137652418756
29.525 0.137639717755
29.530 0.137627020877
29.535 0.137614328118
29.540 0.137601639479
29.545 0.137588954957
29.550 0.137576274551
29.555 0.137563598261
29.560 0.137550926083
29.565 0.137538258018
29.570 0.137525594063
29.575 0.137512934218
29.580 0.13750027848
29.585 0.137487626849
29.590 0.137474979323
29.595 0.1374623359
29.600 0.13744969658
29.605 0.137437061361
29.610 0.137424430241
29.615 0.13741180322
29.620 0.137399180295
29.625 0.137386561465
29.630 0.13737394673
29.635 0.137361336087
29.640 0.137348729536
29.645 0.137336127074
29.650 0.137323528701
29.655 0.137310934415
29.660 0.137298344215
29.665 0.137285758099
29.670 0.137273176066
29.675 0.137260598115
29.680 0.137248024244
29.685 0.137235454452
29.690 0.137222888737
29.695 0.137210327099
29.700 0.137197769535
29.705 0.137185216045
29.710 0.137172666627
29.715 0.13716012128
29.720 0.137147580002
29.725 0.137135042792
29.730 0.137122509648
29.735 0.13710998057
29.740 0.137097455556
29.745 0.137084934604
29.750 0.137072417714
29.755 0.137059904883
29.760 0.137047396111
29.765 0.137034891395
29.770 0.137022390736
29.775 0.137009894131
29.780 0.136997401579
29.785 0.136984913079
29.790 0.136972428629
29.795 0.136959948229
29.800 0.136947471875
29.805 0.136934999569
29.810 0.136922531307
29.815 0.136910067089
29.820 0.136897606913
29.825 0.136885150778
29.830 0.136872698682
29.835 0.136860250625
29.840 0.136847806605
29.845 0.13683536662
29.850 0.13682293067
29.855 0.136810498752
29.860 0.136798070866
29.865 0.13678564701
29.870 0.136773227184
29.875 0.136760811384
29.880 0.136748399611
29.885 0.136735991863
29.890 0.136723588138
29.895 0.136711188436
29.900 0.136698792754
29.905 0.136686401092
29.910 0.136674013449
29.915 0.136661629822
29.920 0.136649250211
29.925 0.136636874614
29.930 0.13662450303
29.935 0.136612135457
29.940 0.136599771895
29.945 0.136587412342
29.950 0.136575056797
29.955 0.136562705257
29.960 0.136550357723
29.965 0.136538014193
29.970 0.136525674665
29.975 0.136513339138
29.980 0.13650100761
29.985 0.136488680081
29.990 0.13647635655
29.995 0.136464037014
