11.000 0.593262475911
11.005 0.593139152829
11.010 0.59301591974
11.015 0.592892776543
11.020 0.592769723139
11.025 0.592646759426
11.030 0.592523885304
11.035 0.592401100672
11.040 0.592278405431
11.045 0.592155799481
11.050 0.592033282721
11.055 0.591910855051
11.060 0.591788516373
11.065 0.591666266588
11.070 0.591544105595
11.075 0.591422033295
11.080 0.591300049591
11.085 0.591178154383
11.090 0.591056347572
11.095 0.59093462906
11.100 0.59081299875
11.105 0.590691456542
11.110 0.590570002338
11.115 0.590448636042
11.120 0.590327357555
11.125 0.59020616678
11.130 0.59008506362
11.135 0.589964047977
11.140 0.589843119754
11.145 0.589722278854
11.150 0.589601525182
11.155 0.589480858639
11.160 0.58936027913
11.165 0.589239786559
11.170 0.589119380828
11.175 0.588999061844
11.180 0.588878829508
11.185 0.588758683727
11.190 0.588638624403
11.195 0.588518651443
11.200 0.588398764751
11.205 0.588278964231
11.210 0.588159249789
11.215 0.58803962133
11.220 0.587920078759
11.225 0.587800621982
11.230 0.587681250905
11.235 0.587561965433
11.240 0.587442765472
11.245 0.587323650929
11.250 0.58720462171
11.255 0.587085677721
11.260 0.586966818868
11.265 0.586848045059
11.270 0.5867293562
11.275 0.586610752198
11.280 0.58649223296
11.285 0.586373798394
11.290 0.586255448407
11.295 0.586137182907
11.300 0.586019001801
11.305 0.585900904997
11.310 0.585782892403
11.315 0.585664963928
11.320 0.585547119479
11.325 0.585429358965
11.330 0.585311682295
11.335 0.585194089377
11.340 0.58507658012
11.345 0.584959154433
11.350 0.584841812225
11.355 0.584724553406
11.360 0.584607377885
11.365 0.584490285571
11.370 0.584373276374
11.375 0.584256350204
11.380 0.584139506972
11.385 0.584022746586
11.390 0.583906068958
11.395 0.583789473997
11.400 0.583672961614
11.405 0.583556531721
11.410 0.583440184227
11.415 0.583323919043
11.420 0.583207736081
11.425 0.583091635253
11.430 0.582975616468
11.435 0.582859679639
11.440 0.582743824677
11.445 0.582628051495
11.450 0.582512360003
11.455 0.582396750114
11.460 0.582281221741
11.465 0.582165774794
11.470 0.582050409188
11.475 0.581935124834
11.480 0.581819921645
11.485 0.581704799535
11.490 0.581589758415
11.495 0.581474798199
11.500 0.5813599188
11.505 0.581245120132
11.510 0.581130402107
11.515 0.581015764641
11.520 0.580901207646
11.525 0.580786731036
11.530 0.580672334726
11.535 0.580558018629
11.540 0.58044378266
11.545 0.580329626732
11.550 0.580215550762
11.555 0.580101554663
11.560 0.57998763835
11.565 0.579873801739
11.570 0.579760044743
11.575 0.579646367279
11.580 0.579532769262
11.585 0.579419250606
11.590 0.579305811228
11.595 0.579192451044
11.600 0.579079169969
11.605 0.578965967919
11.610 0.57885284481
11.615 0.578739800559
11.620 0.578626835081
11.625 0.578513948294
11.630 0.578401140113
11.635 0.578288410456
11.640 0.578175759239
11.645 0.57806318638
11.650 0.577950691795
11.655 0.577838275402
11.660 0.577725937117
11.665 0.577613676859
11.670 0.577501494546
11.675 0.577389390093
11.680 0.577277363421
11.685 0.577165414446
11.690 0.577053543086
11.695 0.576941749261
11.700 0.576830032887
11.705 0.576718393884
11.710 0.57660683217
11.715 0.576495347664
11.720 0.576383940285
11.725 0.576272609951
11.730 0.576161356582
11.735 0.576050180097
11.740 0.575939080415
11.745 0.575828057456
11.750 0.575717111138
11.755 0.575606241383
11.760 0.575495448109
11.765 0.575384731236
11.770 0.575274090685
11.775 0.575163526375
11.780 0.575053038228
11.785 0.574942626162
11.790 0.5748322901
11.795 0.57472202996
11.800 0.574611845665
11.805 0.574501737135
11.810 0.57439170429
11.815 0.574281747053
11.820 0.574171865344
11.825 0.574062059084
11.830 0.573952328196
11.835 0.573842672599
11.840 0.573733092217
11.845 0.573623586971
11.850 0.573514156783
11.855 0.573404801575
11.860 0.573295521269
11.865 0.573186315787
11.870 0.573077185052
11.875 0.572968128986
11.880 0.572859147511
11.885 0.572750240551
11.890 0.572641408029
11.895 0.572532649866
11.900 0.572423965987
11.905 0.572315356314
11.910 0.572206820771
11.915 0.57209835928
11.920 0.571989971767
11.925 0.571881658153
11.930 0.571773418364
11.935 0.571665252322
11.940 0.571557159952
11.945 0.571449141177
11.950 0.571341195923
11.955 0.571233324113
11.960 0.571125525671
11.965 0.571017800523
11.970 0.570910148592
11.975 0.570802569804
11.980 0.570695064083
11.985 0.570587631355
11.990 0.570480271543
11.995 0.570372984575
12.000 0.570265770374
12.005 0.570158628866
12.010 0.570051559977
12.015 0.569944563632
12.020 0.569837639757
12.025 0.569730788278
12.030 0.569624009121
12.035 0.569517302211
12.040 0.569410667476
12.045 0.569304104841
12.050 0.569197614232
12.055 0.569091195576
12.060 0.5689848488
12.065 0.56887857383
12.070 0.568772370594
12.075 0.568666239017
12.080 0.568560179027
12.085 0.568454190552
12.090 0.568348273517
12.095 0.568242427852
12.100 0.568136653482
12.105 0.568030950336
12.110 0.567925318341
12.115 0.567819757426
12.120 0.567714267517
12.125 0.567608848543
12.130 0.567503500432
12.135 0.567398223111
12.140 0.56729301651
12.145 0.567187880557
12.150 0.56708281518
12.155 0.566977820307
12.160 0.566872895868
12.165 0.566768041791
12.170 0.566663258005
12.175 0.56655854444
12.180 0.566453901023
12.185 0.566349327684
12.190 0.566244824354
12.195 0.56614039096
12.200 0.566036027432
12.205 0.565931733701
12.210 0.565827509696
12.215 0.565723355346
12.220 0.565619270581
12.225 0.565515255332
12.230 0.565411309529
12.235 0.565307433102
12.240 0.56520362598
12.245 0.565099888096
12.250 0.564996219378
12.255 0.564892619758
12.260 0.564789089166
12.265 0.564685627533
12.270 0.56458223479
12.275 0.564478910869
12.280 0.564375655699
12.285 0.564272469213
12.290 0.564169351342
12.295 0.564066302016
12.300 0.563963321168
12.305 0.563860408729
12.310 0.563757564631
12.315 0.563654788806
12.320 0.563552081185
12.325 0.5634494417
12.330 0.563346870284
12.335 0.563244366868
12.340 0.563141931386
12.345 0.563039563769
12.350 0.56293726395
12.355 0.562835031861
12.360 0.562732867435
12.365 0.562630770604
12.370 0.562528741303
12.375 0.562426779463
12.380 0.562324885017
12.385 0.562223057899
12.390 0.562121298042
12.395 0.56201960538
12.400 0.561917979845
12.405 0.561816421371
12.410 0.561714929892
12.415 0.561613505342
12.420 0.561512147653
12.425 0.561410856761
12.430 0.561309632599
12.435 0.561208475101
12.440 0.561107384202
12.445 0.561006359835
12.450 0.560905401935
12.455 0.560804510437
12.460 0.560703685275
12.465 0.560602926383
12.470 0.560502233696
12.475 0.56040160715
12.480 0.560301046678
12.485 0.560200552217
12.490 0.560100123701
12.495 0.559999761065
12.500 0.559899464244
12.505 0.559799233175
12.510 0.559699067791
12.515 0.55959896803
12.520 0.559498933826
12.525 0.559398965116
12.530 0.559299061834
12.535 0.559199223918
12.540 0.559099451302
12.545 0.558999743924
12.550 0.558900101719
12.555 0.558800524623
12.560 0.558701012573
12.565 0.558601565505
12.570 0.558502183356
12.575 0.558402866063
12.580 0.558303613562
12.585 0.558204425789
12.590 0.558105302683
12.595 0.558006244179
12.600 0.557907250215
12.605 0.557808320727
12.610 0.557709455655
12.615 0.557610654933
12.620 0.557511918501
12.625 0.557413246295
12.630 0.557314638253
12.635 0.557216094312
12.640 0.557117614411
12.645 0.557019198488
12.650 0.556920846479
12.655 0.556822558324
12.660 0.55672433396
12.665 0.556626173326
12.670 0.556528076359
12.675 0.556430042998
12.680 0.556332073182
12.685 0.55623416685
12.690 0.556136323939
12.695 0.556038544388
12.700 0.555940828136
12.705 0.555843175123
12.710 0.555745585286
12.715 0.555648058566
12.720 0.555550594901
12.725 0.55545319423
12.730 0.555355856493
12.735 0.555258581629
12.740 0.555161369577
12.745 0.555064220278
12.750 0.55496713367
12.755 0.554870109693
12.760 0.554773148288
12.765 0.554676249394
12.770 0.55457941295
12.775 0.554482638898
12.780 0.554385927177
12.785 0.554289277727
12.790 0.554192690489
12.795 0.554096165403
12.800 0.553999702409
12.805 0.553903301449
12.810 0.553806962462
12.815 0.553710685389
12.820 0.553614470171
12.825 0.553518316749
12.830 0.553422225064
12.835 0.553326195057
12.840 0.553230226669
12.845 0.553134319842
12.850 0.553038474515
12.855 0.552942690631
12.860 0.552846968132
12.865 0.552751306958
12.870 0.552655707052
12.875 0.552560168354
12.880 0.552464690807
12.885 0.552369274352
12.890 0.552273918932
12.895 0.552178624489
12.900 0.552083390963
12.905 0.551988218299
12.910 0.551893106437
12.915 0.55179805532
12.920 0.55170306489
12.925 0.551608135091
12.930 0.551513265863
12.935 0.551418457151
12.940 0.551323708897
12.945 0.551229021043
12.950 0.551134393532
12.955 0.551039826308
12.960 0.550945319313
12.965 0.55085087249
12.970 0.550756485782
12.975 0.550662159133
12.980 0.550567892487
12.985 0.550473685785
12.990 0.550379538973
12.995 0.550285451992
13.000 0.550191424788
13.005 0.550102362449
13.010 0.550013358034
13.015 0.549924411489
13.020 0.549835522759
13.025 0.54974669179
13.030 0.549657918528
13.035 0.549569202919
13.040 0.549480544908
13.045 0.549391944441
13.050 0.549303401464
13.055 0.549214915923
13.060 0.549126487765
13.065 0.549038116935
13.070 0.548949803381
13.075 0.548861547047
13.080 0.548773347881
13.085 0.54868520583
13.090 0.548597120838
13.095 0.548509092855
13.100 0.548421121825
13.105 0.548333207696
13.110 0.548245350414
13.115 0.548157549927
13.120 0.548069806182
13.125 0.547982119125
13.130 0.547894488704
13.135 0.547806914866
13.140 0.547719397558
13.145 0.547631936728
13.150 0.547544532323
13.155 0.54745718429
13.160 0.547369892577
13.165 0.547282657132
13.170 0.547195477902
13.175 0.547108354835
13.180 0.547021287879
13.185 0.546934276983
13.190 0.546847322092
13.195 0.546760423157
13.200 0.546673580125
13.205 0.546586792944
13.210 0.546500061562
13.215 0.546413385929
13.220 0.546326765991
13.225 0.546240201698
13.230 0.546153692998
13.235 0.54606723984
13.240 0.545980842172
13.245 0.545894499943
13.250 0.545808213102
13.255 0.545721981598
13.260 0.54563580538
13.265 0.545549684397
13.270 0.545463618597
13.275 0.545377607931
13.280 0.545291652346
13.285 0.545205751793
13.290 0.545119906221
13.295 0.545034115579
13.300 0.544948379817
13.305 0.544862698884
13.310 0.544777072729
13.315 0.544691501304
13.320 0.544605984556
13.325 0.544520522437
13.330 0.544435114896
13.335 0.544349761882
13.340 0.544264463347
13.345 0.544179219239
13.350 0.54409402951
13.355 0.544008894109
13.360 0.543923812986
13.365 0.543838786093
13.370 0.543753813379
13.375 0.543668894794
13.380 0.54358403029
13.385 0.543499219817
13.390 0.543414463326
13.395 0.543329760767
13.400 0.543245112091
13.405 0.54316051725
13.410 0.543075976193
13.415 0.542991488872
13.420 0.542907055238
13.425 0.542822675242
13.430 0.542738348836
13.435 0.54265407597
13.440 0.542569856596
13.445 0.542485690665
13.450 0.542401578129
13.455 0.542317518939
13.460 0.542233513047
13.465 0.542149560404
13.470 0.542065660962
13.475 0.541981814673
13.480 0.541898021488
13.485 0.54181428136
13.490 0.541730594241
13.495 0.541646960082
13.500 0.541563378835
13.505 0.541479850454
13.510 0.541396374889
13.515 0.541312952093
13.520 0.541229582018
13.525 0.541146264618
13.530 0.541062999843
13.535 0.540979787648
13.540 0.540896627984
13.545 0.540813520803
13.550 0.54073046606
13.555 0.540647463705
13.560 0.540564513693
13.565 0.540481615977
13.570 0.540398770508
13.575 0.54031597724
13.580 0.540233236126
13.585 0.540150547119
13.590 0.540067910173
13.595 0.539985325241
13.600 0.539902792275
13.605 0.53982031123
13.610 0.539737882058
13.615 0.539655504714
13.620 0.53957317915
13.625 0.539490905321
13.630 0.539408683179
13.635 0.53932651268
13.640 0.539244393776
13.645 0.539162326421
13.650 0.539080310569
13.655 0.538998346175
13.660 0.538916433192
13.665 0.538834571575
13.670 0.538752761276
13.675 0.538671002252
13.680 0.538589294455
13.685 0.538507637841
13.690 0.538426032363
13.695 0.538344477977
13.700 0.538262974636
13.705 0.538181522295
13.710 0.538100120908
13.715 0.538018770431
13.720 0.537937470819
13.725 0.537856222025
13.730 0.537775024004
13.735 0.537693876713
13.740 0.537612780105
13.745 0.537531734136
13.750 0.53745073876
13.755 0.537369793933
13.760 0.537288899611
13.765 0.537208055747
13.770 0.537127262298
13.775 0.537046519219
13.780 0.536965826466
13.785 0.536885183993
13.790 0.536804591756
13.795 0.536724049712
13.800 0.536643557815
13.805 0.536563116021
13.810 0.536482724287
13.815 0.536402382567
13.820 0.536322090819
13.825 0.536241848996
13.830 0.536161657057
13.835 0.536081514956
13.840 0.53600142265
13.845 0.535921380095
13.850 0.535841387247
13.855 0.535761444063
13.860 0.535681550498
13.865 0.53560170651
13.870 0.535521912054
13.875 0.535442167087
13.880 0.535362471566
13.885 0.535282825447
13.890 0.535203228687
13.895 0.535123681243
13.900 0.53504418307
13.905 0.534964734127
13.910 0.53488533437
13.915 0.534805983756
13.920 0.534726682242
13.925 0.534647429785
13.930 0.534568226342
13.935 0.53448907187
13.940 0.534409966326
13.945 0.534330909669
13.950 0.534251901854
13.955 0.534172942839
13.960 0.534094032583
13.965 0.534015171041
13.970 0.533936358172
13.975 0.533857593934
13.980 0.533778878283
13.985 0.533700211179
13.990 0.533621592577
13.995 0.533543022437
14.000 0.533464500716
14.005 0.533386027371
14.010 0.533307602362
14.015 0.533229225645
14.020 0.53315089718
14.025 0.533072616923
14.030 0.532994384833
14.035 0.532916200869
14.040 0.532838064989
14.045 0.532759977151
14.050 0.532681937313
14.055 0.532603945434
14.060 0.532526001472
14.065 0.532448105386
14.070 0.532370257134
14.075 0.532292456675
14.080 0.532214703968
14.085 0.532136998972
14.090 0.532059341644
14.095 0.531981731945
14.100 0.531904169833
14.105 0.531826655266
14.110 0.531749188205
14.115 0.531671768607
14.120 0.531594396433
14.125 0.53151707164
14.130 0.531439794189
14.135 0.531362564039
14.140 0.531285381149
14.145 0.531208245477
14.150 0.531131156985
14.155 0.531054115631
14.160 0.530977121374
14.165 0.530900174175
14.170 0.530823273992
14.175 0.530746420786
14.180 0.530669614516
14.185 0.530592855142
14.190 0.530516142623
14.195 0.53043947692
14.200 0.530362857993
14.205 0.530286285801
14.210 0.530209760304
14.215 0.530133281463
14.220 0.530056849238
14.225 0.529980463588
14.230 0.529904124475
14.235 0.529827831857
14.240 0.529751585696
14.245 0.529675385952
14.250 0.529599232585
14.255 0.529523125556
14.260 0.529447064825
14.265 0.529371050353
14.270 0.5292950821
14.275 0.529219160027
14.280 0.529143284095
14.285 0.529067454264
14.290 0.528991670496
14.295 0.52891593275
14.300 0.528840240989
14.305 0.528764595172
14.310 0.528688995262
14.315 0.528613441218
14.320 0.528537933002
14.325 0.528462470575
14.330 0.528387053898
14.335 0.528311682933
14.340 0.528236357641
14.345 0.528161077983
14.350 0.52808584392
14.355 0.528010655414
14.360 0.527935512427
14.365 0.527860414919
14.370 0.527785362853
14.375 0.52771035619
14.380 0.527635394891
14.385 0.527560478919
14.390 0.527485608235
14.395 0.527410782801
14.400 0.527336002578
14.405 0.527261267529
14.410 0.527186577616
14.415 0.5271119328
14.420 0.527037333044
14.425 0.526962778309
14.430 0.526888268558
14.435 0.526813803753
14.440 0.526739383856
14.445 0.52666500883
14.450 0.526590678636
14.455 0.526516393237
14.460 0.526442152596
14.465 0.526367956674
14.470 0.526293805435
14.475 0.526219698841
14.480 0.526145636854
14.485 0.526071619437
14.490 0.525997646553
14.495 0.525923718165
14.500 0.525849834234
14.505 0.525775951221
14.510 0.525702112606
14.515 0.525628318352
14.520 0.525554568421
14.525 0.525480862776
14.530 0.525407201382
14.535 0.5253335842
14.540 0.525260011194
14.545 0.525186482327
14.550 0.525112997562
14.555 0.525039556862
14.560 0.524966160191
14.565 0.524892807513
14.570 0.524819498789
14.575 0.524746233985
14.580 0.524673013062
14.585 0.524599835986
14.590 0.524526702719
14.595 0.524453613225
14.600 0.524380567467
14.605 0.52430756541
14.610 0.524234607017
14.615 0.524161692252
14.620 0.524088821078
14.625 0.52401599346
14.630 0.523943209361
14.635 0.523870468745
14.640 0.523797771577
14.645 0.52372511782
14.650 0.523652507439
14.655 0.523579940398
14.660 0.52350741666
14.665 0.52343493619
14.670 0.523362498952
14.675 0.523290104911
14.680 0.52321775403
14.685 0.523145446275
14.690 0.523073181609
14.695 0.523000959998
14.700 0.522928781405
14.705 0.522856645796
14.710 0.522784553134
14.715 0.522712503385
14.720 0.522640496513
14.725 0.522568532482
14.730 0.522496611258
14.735 0.522424732806
14.740 0.52235289709
14.745 0.522281104075
14.750 0.522209353726
14.755 0.522137646008
14.760 0.522065980886
14.765 0.521994358326
14.770 0.521922778291
14.775 0.521851240749
14.780 0.521779745662
14.785 0.521708292998
14.790 0.52163688272
14.795 0.521565514795
14.800 0.521494189187
14.805 0.521422905863
14.810 0.521351664788
14.815 0.521280465926
14.820 0.521209309244
14.825 0.521138194707
14.830 0.52106712228
14.835 0.520996091931
14.840 0.520925103623
14.845 0.520854157322
14.850 0.520783252996
14.855 0.520712390609
14.860 0.520641570126
14.865 0.520570791515
14.870 0.520500054741
14.875 0.52042935977
14.880 0.520358706568
14.885 0.520288095101
14.890 0.520217525335
14.895 0.520146997236
14.900 0.52007651077
14.905 0.520006065905
14.910 0.519935662604
14.915 0.519865300837
14.920 0.519794980567
14.925 0.519724701762
14.930 0.519654464389
14.935 0.519584268413
14.940 0.519514113802
14.945 0.519444000521
14.950 0.519373928537
14.955 0.519303897818
14.960 0.519233908328
14.965 0.519163960037
14.970 0.519094052908
14.975 0.519024186911
14.980 0.518954362011
14.985 0.518884578176
14.990 0.518814835371
14.995 0.518745133565
15.000 0.518675472724
15.005 0.518816281604
15.010 0.518956978663
15.015 0.519097564073
15.020 0.519238038007
15.025 0.519378400638
15.030 0.519518652138
15.035 0.519658792677
15.040 0.519798822429
15.045 0.519938741562
15.050 0.520078550249
15.055 0.520218248658
15.060 0.520357836961
15.065 0.520497315325
15.070 0.520636683921
15.075 0.520775942918
15.080 0.520915092482
15.085 0.521054132784
15.090 0.521193063989
15.095 0.521331886266
15.100 0.521470599782
15.105 0.521609204703
15.110 0.521747701195
15.115 0.521886089425
15.120 0.522024369558
15.125 0.522162541759
15.130 0.522300606193
15.135 0.522438563025
15.140 0.522576412418
15.145 0.522714154538
15.150 0.522851789547
15.155 0.522989317608
15.160 0.523126738884
15.165 0.523264053539
15.170 0.523401261733
15.175 0.523538363629
15.180 0.523675359389
15.185 0.523812249173
15.190 0.523949033142
15.195 0.524085711458
15.200 0.524222284279
15.205 0.524358751766
15.210 0.524495114079
15.215 0.524631371376
15.220 0.524767523817
15.225 0.524903571559
15.230 0.525039514762
15.235 0.525175353583
15.240 0.525311088179
15.245 0.525446718708
15.250 0.525582245327
15.255 0.525717668192
15.260 0.52585298746
15.265 0.525988203286
15.270 0.526123315826
15.275 0.526258325236
15.280 0.526393231671
15.285 0.526528035284
15.290 0.526662736231
15.295 0.526797334666
15.300 0.526931830742
15.305 0.527066224612
15.310 0.52720051643
15.315 0.527334706349
15.320 0.527468794521
15.325 0.527602781099
15.330 0.527736666233
15.335 0.527870450076
15.340 0.52800413278
15.345 0.528137714494
15.350 0.528271195369
15.355 0.528404575557
15.360 0.528537855206
15.365 0.528671034467
15.370 0.528804113489
15.375 0.528937092422
15.380 0.529069971413
15.385 0.529202750612
15.390 0.529335430167
15.395 0.529468010226
15.400 0.529600490936
15.405 0.529732872445
15.410 0.529865154899
15.415 0.529997338446
15.420 0.530129423232
15.425 0.530261409404
15.430 0.530393297106
15.435 0.530525086485
15.440 0.530656777686
15.445 0.530788370854
15.450 0.530919866133
15.455 0.531051263668
15.460 0.531182563604
15.465 0.531313766084
15.470 0.531444871251
15.475 0.531575879249
15.480 0.531706790221
15.485 0.53183760431
15.490 0.531968321657
15.495 0.532098942406
15.500 0.532229466698
15.505 0.532968822839
15.510 0.533706747583
15.515 0.534443247282
15.520 0.535178328244
15.525 0.535911996728
15.530 0.536644258949
15.535 0.537375121075
15.540 0.53810458923
15.545 0.538832669493
15.550 0.539559367898
15.555 0.540284690439
15.560 0.541008643062
15.565 0.541731231673
15.570 0.542452462135
15.575 0.54317234027
15.580 0.543890871858
15.585 0.544608062636
15.590 0.545323918304
15.595 0.546038444519
15.600 0.5467516469
15.605 0.547463531025
15.610 0.548174102434
15.615 0.548883366627
15.620 0.549591329069
15.625 0.550297995183
15.630 0.551003370357
15.635 0.551707459941
15.640 0.552410269249
15.645 0.553111803557
15.650 0.553812068108
15.655 0.554511068105
15.660 0.55520880872
15.665 0.555905295086
15.670 0.556600532304
15.675 0.55729452544
15.680 0.557987279525
15.685 0.558678799558
15.690 0.559369090503
15.695 0.560058157292
15.700 0.560746004823
15.705 0.561432637964
15.710 0.562118061547
15.715 0.562802280377
15.720 0.563485299222
15.725 0.564167122823
15.730 0.564847755889
15.735 0.565527203097
15.740 0.566205469095
15.745 0.5668825585
15.750 0.5675584759
15.755 0.568233225852
15.760 0.568906812886
15.765 0.569579241501
15.770 0.570250516167
15.775 0.570920641328
15.780 0.571589621397
15.785 0.572257460761
15.790 0.572924163777
15.795 0.573589734778
15.800 0.574254178065
15.805 0.574917497916
15.810 0.575579698581
15.815 0.576240784284
15.820 0.57690075922
15.825 0.577559627562
15.830 0.578217393453
15.835 0.578874061015
15.840 0.579529634341
15.845 0.580184117499
15.850 0.580837514535
15.855 0.581489829467
15.860 0.58214106629
15.865 0.582791228974
15.870 0.583440321467
15.875 0.584088347691
15.880 0.584735311544
15.885 0.585381216902
15.890 0.586026067618
15.895 0.586669867519
15.900 0.587312620413
15.905 0.587954330083
15.910 0.58859500029
15.915 0.589234634772
15.920 0.589873237247
15.925 0.590510811409
15.930 0.59114736093
15.935 0.591782889463
15.940 0.592417400636
15.945 0.59305089806
15.950 0.593683385321
15.955 0.594314865987
15.960 0.594945343603
15.965 0.595574821696
15.970 0.596203303771
15.975 0.596830793312
15.980 0.597457293785
15.985 0.598082808636
15.990 0.598707341289
15.995 0.599330895151
16.000 0.599953473609
16.005 0.599843188955
16.010 0.599732954368
16.015 0.599622769808
16.020 0.599512635237
16.025 0.599402550617
16.030 0.599292515908
16.035 0.599182531072
16.040 0.599072596072
16.045 0.598962710867
16.050 0.59885287542
16.055 0.598743089693
16.060 0.598633353647
16.065 0.598523667244
16.070 0.598414030445
16.075 0.598304443213
16.080 0.59819490551
16.085 0.598085417296
16.090 0.597975978534
16.095 0.597866589187
16.100 0.597757249215
16.105 0.597647958581
16.110 0.597538717248
16.115 0.597429525177
16.120 0.59732038233
16.125 0.59721128867
16.130 0.597102244159
16.135 0.596993248759
16.140 0.596884302432
16.145 0.596775405142
16.150 0.596666556849
16.155 0.596557757518
16.160 0.596449007109
16.165 0.596340305587
16.170 0.596231652912
16.175 0.596123049049
16.180 0.596014493959
16.185 0.595905987606
16.190 0.595797529951
16.195 0.595689120958
16.200 0.59558076059
16.205 0.595472448809
16.210 0.595364185578
16.215 0.595255970861
16.220 0.59514780462
16.225 0.595039686818
16.230 0.594931617418
16.235 0.594823596384
16.240 0.594715623678
16.245 0.594607699264
16.250 0.594499823104
16.255 0.594391995163
16.260 0.594284215403
16.265 0.594176483788
16.270 0.59406880028
16.275 0.593961164844
16.280 0.593853577443
16.285 0.593746038041
16.290 0.5936385466
16.295 0.593531103085
16.300 0.593423707459
16.305 0.593316359685
16.310 0.593209059728
16.315 0.593101807551
16.320 0.592994603117
16.325 0.592887446391
16.330 0.592780337337
16.335 0.592673275918
16.340 0.592566262098
16.345 0.592459295841
16.350 0.592352377111
16.355 0.592245505872
16.360 0.592138682088
16.365 0.592031905724
16.370 0.591925176743
16.375 0.59181849511
16.380 0.591711860788
16.385 0.591605273743
16.390 0.591498733937
16.395 0.591392241336
16.400 0.591285795905
16.405 0.591179397606
16.410 0.591073046406
16.415 0.590966742267
16.420 0.590860485156
16.425 0.590754275036
16.430 0.590648111871
16.435 0.590541995627
16.440 0.590435926269
16.445 0.59032990376
16.450 0.590223928066
16.455 0.590117999151
16.460 0.590012116981
16.465 0.589906281519
16.470 0.589800492731
16.475 0.589694750583
16.480 0.589589055038
16.485 0.589483406061
16.490 0.589377803619
16.495 0.589272247675
16.500 0.589166738196
16.505 0.58898412116
16.510 0.588801552997
16.515 0.588619033651
16.520 0.588436563071
16.525 0.588254141201
16.530 0.588071767988
16.535 0.587889443379
16.540 0.58770716732
16.545 0.587524939758
16.550 0.587342760638
16.555 0.587160629908
16.560 0.586978547514
16.565 0.586796513402
16.570 0.58661452752
16.575 0.586432589813
16.580 0.58625070023
16.585 0.586068858716
16.590 0.585887065218
16.595 0.585705319684
16.600 0.585523622059
16.605 0.585341972292
16.610 0.585160370329
16.615 0.584978816116
16.620 0.584797309602
16.625 0.584615850732
16.630 0.584434439455
16.635 0.584253075718
16.640 0.584071759467
16.645 0.58389049065
16.650 0.583709269214
16.655 0.583528095106
16.660 0.583346968275
16.665 0.583165888666
16.670 0.582984856229
16.675 0.582803870909
16.680 0.582622932655
16.685 0.582442041414
16.690 0.582261197135
16.695 0.582080399763
16.700 0.581899649248
16.705 0.581718945536
16.710 0.581538288576
16.715 0.581357678316
16.720 0.581177114702
16.725 0.580996597684
16.730 0.580816127208
16.735 0.580635703224
16.740 0.580455325678
16.745 0.580274994519
16.750 0.580094709694
16.755 0.579914471153
16.760 0.579734278843
16.765 0.579554132712
16.770 0.579374032708
16.775 0.57919397878
16.780 0.579013970876
16.785 0.578834008944
16.790 0.578654092933
16.795 0.57847422279
16.800 0.578294398465
16.805 0.578114619906
16.810 0.577934887061
16.815 0.577755199879
16.820 0.577575558308
16.825 0.577395962297
16.830 0.577216411794
16.835 0.577036906749
16.840 0.57685744711
16.845 0.576678032825
16.850 0.576498663844
16.855 0.576319340115
16.860 0.576140061587
16.865 0.57596082821
16.870 0.575781639931
16.875 0.5756024967
16.880 0.575423398466
16.885 0.575244345177
16.890 0.575065336784
16.895 0.574886373235
16.900 0.574707454479
16.905 0.574528580465
16.910 0.574349751143
16.915 0.574170966462
16.920 0.57399222637
16.925 0.573813530818
16.930 0.573634879755
16.935 0.57345627313
16.940 0.573277710892
16.945 0.573099192991
16.950 0.572920719377
16.955 0.572742289998
16.960 0.572563904805
16.965 0.572385563748
16.970 0.572207266774
16.975 0.572029013835
16.980 0.57185080488
16.985 0.571672639859
16.990 0.571494518722
16.995 0.571316441417
17.000 0.571138407896
17.005 0.570920556035
17.010 0.570702740194
17.015 0.570484960303
17.020 0.570267216293
17.025 0.570049508095
17.030 0.56983183564
17.035 0.569614198861
17.040 0.569396597687
17.045 0.56917903205
17.050 0.568961501882
17.055 0.568744007113
17.060 0.568526547674
17.065 0.568309123498
17.070 0.568091734515
17.075 0.567874380657
17.080 0.567657061854
17.085 0.567439778039
17.090 0.567222529142
17.095 0.567005315095
17.100 0.566788135829
17.105 0.566570991276
17.110 0.566353881367
17.115 0.566136806033
17.120 0.565919765206
17.125 0.565702758818
17.130 0.565485786799
17.135 0.565268849081
17.140 0.565051945596
17.145 0.564835076275
17.150 0.56461824105
17.155 0.564401439852
17.160 0.564184672612
17.165 0.563967939263
17.170 0.563751239736
17.175 0.563534573962
17.180 0.563317941872
17.185 0.5631013434
17.190 0.562884778475
17.195 0.562668247031
17.200 0.562451748997
17.205 0.562235284307
17.210 0.562018852892
17.215 0.561802454682
17.220 0.561586089611
17.225 0.561369757609
17.230 0.561153458609
17.235 0.560937192542
17.240 0.56072095934
17.245 0.560504758934
17.250 0.560288591257
17.255 0.56007245624
17.260 0.559856353814
17.265 0.559640283913
17.270 0.559424246466
17.275 0.559208241407
17.280 0.558992268667
17.285 0.558776328177
17.290 0.55856041987
17.295 0.558344543678
17.300 0.558128699532
17.305 0.557912887365
17.310 0.557697107107
17.315 0.557481358691
17.320 0.557265642049
17.325 0.557049957113
17.330 0.556834303814
17.335 0.556618682085
17.340 0.556403091857
17.345 0.556187533063
17.350 0.555972005634
17.355 0.555756509503
17.360 0.5555410446
17.365 0.555325610859
17.370 0.555110208211
17.375 0.554894836588
17.380 0.554679495922
17.385 0.554464186145
17.390 0.55424890719
17.395 0.554033658987
17.400 0.55381844147
17.405 0.55360325457
17.410 0.553388098219
17.415 0.553172972349
17.420 0.552957876893
17.425 0.552742811782
17.430 0.552527776949
17.435 0.552312772325
17.440 0.552097797842
17.445 0.551882853433
17.450 0.55166793903
17.455 0.551453054565
17.460 0.55123819997
17.465 0.551023375176
17.470 0.550808580117
17.475 0.550593814724
17.480 0.55037907893
17.485 0.550164372666
17.490 0.549949695865
17.495 0.549735048458
17.500 0.549520430378
17.505 0.549305841558
17.510 0.549091281929
17.515 0.548876751423
17.520 0.548662249972
17.525 0.548447777509
17.530 0.548233333967
17.535 0.548018919276
17.540 0.547804533369
17.545 0.547590176179
17.550 0.547375847638
17.555 0.547161547677
17.560 0.546947276229
17.565 0.546733033227
17.570 0.546518818602
17.575 0.546304632286
17.580 0.546090474212
17.585 0.545876344313
17.590 0.545662242519
17.595 0.545448168764
17.600 0.54523412298
17.605 0.545020105098
17.610 0.544806115052
17.615 0.544592152773
17.620 0.544378218193
17.625 0.544164311246
17.630 0.543950431862
17.635 0.543736579974
17.640 0.543522755516
17.645 0.543308958417
17.650 0.543095188612
17.655 0.542881446032
17.660 0.54266773061
17.665 0.542454042277
17.670 0.542240380966
17.675 0.542026746609
17.680 0.541813139139
17.685 0.541599558487
17.690 0.541386004587
17.695 0.541172477369
17.700 0.540958976767
17.705 0.540745502713
17.710 0.540532055138
17.715 0.540318633976
17.720 0.540105239158
17.725 0.539891870617
17.730 0.539678528284
17.735 0.539465212093
17.740 0.539251921975
17.745 0.539038657863
17.750 0.538825419688
17.755 0.538612207384
17.760 0.538399020882
17.765 0.538185860114
17.770 0.537972725014
17.775 0.537759615512
17.780 0.537546531542
17.785 0.537333473035
17.790 0.537120439924
17.795 0.536907432141
17.800 0.536694449618
17.805 0.536481492288
17.810 0.536268560082
17.815 0.536055652933
17.820 0.535842770773
17.825 0.535629913535
17.830 0.535417081149
17.835 0.53520427355
17.840 0.534991490668
17.845 0.534778732437
17.850 0.534565998788
17.855 0.534353289653
17.860 0.534140604965
17.865 0.533927944656
17.870 0.533715308657
17.875 0.533502696902
17.880 0.533290109323
17.885 0.533077545851
17.890 0.532865006418
17.895 0.532652490957
17.900 0.532439999401
17.905 0.53222753168
17.910 0.532015087728
17.915 0.531802667476
17.920 0.531590270857
17.925 0.531377897802
17.930 0.531165548245
17.935 0.530953222116
17.940 0.530740919348
17.945 0.530528639873
17.950 0.530316383624
17.955 0.530104150531
17.960 0.529891940528
17.965 0.529679753547
17.970 0.529467589519
17.975 0.529255448377
17.980 0.529043330052
17.985 0.528831234477
17.990 0.528619161584
17.995 0.528407111305
18.000 0.528195083571
18.005 0.527983078315
18.010 0.527771095469
18.015 0.527559134965
18.020 0.527347196734
18.025 0.52713528071
18.030 0.526923386823
18.035 0.526711515006
18.040 0.526499665191
18.045 0.526287837309
18.050 0.526076031293
18.055 0.525864247075
18.060 0.525652484586
18.065 0.525440743758
18.070 0.525229024524
18.075 0.525017326815
18.080 0.524805650563
18.085 0.5245939957
18.090 0.524382362158
18.095 0.524170749869
18.100 0.523959158764
18.105 0.523747588776
18.110 0.523536039835
18.115 0.523324511875
18.120 0.523113004827
18.125 0.522901518622
18.130 0.522690053193
18.135 0.522478608471
18.140 0.522267184388
18.145 0.522055780876
18.150 0.521844397866
18.155 0.52163303529
18.160 0.52142169308
18.165 0.521210371168
18.170 0.520999069485
18.175 0.520787787963
18.180 0.520576526534
18.185 0.520365285129
18.190 0.52015406368
18.195 0.519942862119
18.200 0.519731680377
18.205 0.519520518386
18.210 0.519309376077
18.215 0.519098253382
18.220 0.518887150232
18.225 0.51867606656
18.230 0.518465002296
18.235 0.518253957373
18.240 0.518042931721
18.245 0.517831925272
18.250 0.517620937958
18.255 0.51740996971
18.260 0.51719902046
18.265 0.516988090138
18.270 0.516777178677
18.275 0.516566286008
18.280 0.516355412062
18.285 0.516144556771
18.290 0.515933720066
18.295 0.515722901878
18.300 0.515512102138
18.305 0.515301320779
18.310 0.515090557731
18.315 0.514879812925
18.320 0.514669086293
18.325 0.514458377766
18.330 0.514247687276
18.335 0.514037014753
18.340 0.513826360128
18.345 0.513615723334
18.350 0.513405104301
18.355 0.51319450296
18.360 0.512983919242
18.365 0.512773353078
18.370 0.5125628044
18.375 0.512352273139
18.380 0.512141759226
18.385 0.511931262591
18.390 0.511720783166
18.395 0.511510320882
18.400 0.511299875669
18.405 0.511089447459
18.410 0.510879036183
18.415 0.510668641771
18.420 0.510458264155
18.425 0.510247903265
18.430 0.510037559033
18.435 0.509827231388
18.440 0.509616920263
18.445 0.509406625587
18.450 0.509196347292
18.455 0.508986085308
18.460 0.508775839566
18.465 0.508565609998
18.470 0.508355396532
18.475 0.508145199101
18.480 0.507935017634
18.485 0.507724852064
18.490 0.507514702319
18.495 0.507304568331
18.500 0.50709445003
18.505 0.506884347347
18.510 0.506674260213
18.515 0.506464188558
18.520 0.506254132312
18.525 0.506044091406
18.530 0.50583406577
18.535 0.505624055335
18.540 0.505414060032
18.545 0.50520407979
18.550 0.504994114539
18.555 0.504784164212
18.560 0.504574228736
18.565 0.504364308044
18.570 0.504154402065
18.575 0.503944510729
18.580 0.503734633967
18.585 0.503524771708
18.590 0.503314923884
18.595 0.503105090423
18.600 0.502895271257
18.605 0.502685466315
18.610 0.502475675528
18.615 0.502265898825
18.620 0.502056136136
18.625 0.501846387392
18.630 0.501636652522
18.635 0.501426931457
18.640 0.501217224125
18.645 0.501007530458
18.650 0.500797850385
18.655 0.500588183836
18.660 0.500378530741
18.665 0.500168891029
18.670 0.49995926463
18.675 0.499749651474
18.680 0.499540051491
18.685 0.49933046461
18.690 0.499120890761
18.695 0.498911329873
18.700 0.498701781877
18.705 0.498492246702
18.710 0.498282724276
18.715 0.498073214531
18.720 0.497863717395
18.725 0.497654232797
18.730 0.497444760668
18.735 0.497235300936
18.740 0.497025853531
18.745 0.496816418382
18.750 0.496606995419
18.755 0.49639758457
18.760 0.496188185766
18.765 0.495978798934
18.770 0.495769424005
18.775 0.495560060908
18.780 0.495350709572
18.785 0.495141369925
18.790 0.494932041897
18.795 0.494722725417
18.800 0.494513420414
18.805 0.494304126817
18.810 0.494094844554
18.815 0.493885573555
18.820 0.493676313749
18.825 0.493467065064
18.830 0.493257827429
18.835 0.493048600774
18.840 0.492839385026
18.845 0.492630180114
18.850 0.492420985968
18.855 0.492211802515
18.860 0.492002629685
18.865 0.491793467406
18.870 0.491584315606
18.875 0.491375174214
18.880 0.491166043159
18.885 0.490956922368
18.890 0.490747811771
18.895 0.490538711296
18.900 0.49032962087
18.905 0.490120540423
18.910 0.489911469883
18.915 0.489702409177
18.920 0.489493358235
18.925 0.489284316983
18.930 0.489075285351
18.935 0.488866263267
18.940 0.488657250658
18.945 0.488448247452
18.950 0.488239253578
18.955 0.488030268963
18.960 0.487821293535
18.965 0.487612327223
18.970 0.487403369954
18.975 0.487194421655
18.980 0.486985482255
18.985 0.486776551682
18.990 0.486567629862
18.995 0.486358716724
19.000 0.486149812195
19.005 0.486105176114
19.010 0.486060563548
19.015 0.486015974485
19.020 0.48597140891
19.025 0.485926866809
19.030 0.485882348168
19.035 0.485837852972
19.040 0.485793381207
19.045 0.485748932859
19.050 0.485704507914
19.055 0.485660106358
19.060 0.485615728176
19.065 0.485571373355
19.070 0.485527041879
19.075 0.485482733736
19.080 0.485438448911
19.085 0.48539418739
19.090 0.485349949159
19.095 0.485305734204
19.100 0.485261542511
19.105 0.485217374065
19.110 0.485173228853
19.115 0.485129106861
19.120 0.485085008075
19.125 0.48504093248
19.130 0.484996880063
19.135 0.48495285081
19.140 0.484908844707
19.145 0.48486486174
19.150 0.484820901896
19.155 0.484776965159
19.160 0.484733051517
19.165 0.484689160955
19.170 0.484645293459
19.175 0.484601449017
19.180 0.484557627613
19.185 0.484513829235
19.190 0.484470053868
19.195 0.484426301498
19.200 0.484382572112
19.205 0.484338865696
19.210 0.484295182236
19.215 0.484251521719
19.220 0.48420788413
19.225 0.484164269457
19.230 0.484120677685
19.235 0.4840771088
19.240 0.484033562789
19.245 0.483990039639
19.250 0.483946539335
19.255 0.483903061865
19.260 0.483859607213
19.265 0.483816175368
19.270 0.483772766314
19.275 0.48372938004
19.280 0.48368601653
19.285 0.483642675771
19.290 0.483599357751
19.295 0.483556062455
19.300 0.48351278987
19.305 0.483469539982
19.310 0.483426312778
19.315 0.483383108244
19.320 0.483339926367
19.325 0.483296767134
19.330 0.483253630531
19.335 0.483210516544
19.340 0.48316742516
19.345 0.483124356366
19.350 0.483081310149
19.355 0.483038286494
19.360 0.482995285389
19.365 0.48295230682
19.370 0.482909350774
19.375 0.482866417237
19.380 0.482823506197
19.385 0.48278061764
19.390 0.482737751552
19.395 0.48269490792
19.400 0.482652086732
19.405 0.482609287973
19.410 0.482566511631
19.415 0.482523757693
19.420 0.482481026144
19.425 0.482438316972
19.430 0.482395630164
19.435 0.482352965707
19.440 0.482310323586
19.445 0.48226770379
19.450 0.482225106305
19.455 0.482182531118
19.460 0.482139978216
19.465 0.482097447585
19.470 0.482054939213
19.475 0.482012453086
19.480 0.481969989192
19.485 0.481927547517
19.490 0.481885128049
19.495 0.481842730773
19.500 0.481800355678
19.505 0.481749383855
19.510 0.481698436087
19.515 0.48164751236
19.520 0.481596612659
19.525 0.48154573697
19.530 0.481494885279
19.535 0.481444057572
19.540 0.481393253834
19.545 0.481342474051
19.550 0.481291718209
19.555 0.481240986294
19.560 0.481190278291
19.565 0.481139594187
19.570 0.481088933966
19.575 0.481038297616
19.580 0.480987685122
19.585 0.480937096469
19.590 0.480886531644
19.595 0.480835990633
19.600 0.480785473421
19.605 0.480734979994
19.610 0.480684510339
19.615 0.48063406444
19.620 0.480583642286
19.625 0.48053324386
19.630 0.480482869149
19.635 0.48043251814
19.640 0.480382190818
19.645 0.480331887169
19.650 0.48028160718
19.655 0.480231350835
19.660 0.480181118122
19.665 0.480130909027
19.670 0.480080723535
19.675 0.480030561633
19.680 0.479980423307
19.685 0.479930308542
19.690 0.479880217326
19.695 0.479830149644
19.700 0.479780105482
19.705 0.479730084826
19.710 0.479680087664
19.715 0.47963011398
19.720 0.479580163762
19.725 0.479530236995
19.730 0.479480333666
19.735 0.47943045376
19.740 0.479380597265
19.745 0.479330764166
19.750 0.47928095445
19.755 0.479231168103
19.760 0.479181405112
19.765 0.479131665462
19.770 0.47908194914
19.775 0.479032256132
19.780 0.478982586426
19.785 0.478932940006
19.790 0.47888331686
19.795 0.478833716974
19.800 0.478784140334
19.805 0.478734586927
19.810 0.47868505674
19.815 0.478635549758
19.820 0.478586065968
19.825 0.478536605357
19.830 0.47848716791
19.835 0.478437753616
19.840 0.47838836246
19.845 0.478338994428
19.850 0.478289649507
19.855 0.478240327685
19.860 0.478191028946
19.865 0.478141753279
19.870 0.478092500669
19.875 0.478043271103
19.880 0.477994064567
19.885 0.477944881049
19.890 0.477895720535
19.895 0.477846583012
19.900 0.477797468466
19.905 0.477748376884
19.910 0.477699308252
19.915 0.477650262558
19.920 0.477601239788
19.925 0.477552239928
19.930 0.477503262966
19.935 0.477454308889
19.940 0.477405377682
19.945 0.477356469333
19.950 0.477307583828
19.955 0.477258721155
19.960 0.4772098813
19.965 0.47716106425
19.970 0.477112269992
19.975 0.477063498512
19.980 0.477014749798
19.985 0.476966023836
19.990 0.476917320614
19.995 0.476868640117
20.000 0.476819982333
20.005 0.476787293407
20.010 0.476754622883
20.015 0.476721970753
20.020 0.476689337005
20.025 0.47665672163
20.030 0.476624124616
20.035 0.476591545954
20.040 0.476558985634
20.045 0.476526443644
20.050 0.476493919976
20.055 0.476461414618
20.060 0.47642892756
20.065 0.476396458792
20.070 0.476364008303
20.075 0.476331576085
20.080 0.476299162125
20.085 0.476266766414
20.090 0.476234388942
20.095 0.476202029699
20.100 0.476169688674
20.105 0.476137365857
20.110 0.476105061238
20.115 0.476072774807
20.120 0.476040506554
20.125 0.476008256468
20.130 0.475976024539
20.135 0.475943810758
20.140 0.475911615114
20.145 0.475879437597
20.150 0.475847278197
20.155 0.475815136903
20.160 0.475783013706
20.165 0.475750908596
20.170 0.475718821563
20.175 0.475686752596
20.180 0.475654701685
20.185 0.475622668821
20.190 0.475590653993
20.195 0.475558657192
20.200 0.475526678407
20.205 0.475494717629
20.210 0.475462774846
20.215 0.47543085005
20.220 0.475398943231
20.225 0.475367054378
20.230 0.475335183482
20.235 0.475303330532
20.240 0.475271495518
20.245 0.475239678432
20.250 0.475207879262
20.255 0.475176097999
20.260 0.475144334633
20.265 0.475112589154
20.270 0.475080861552
20.275 0.475049151818
20.280 0.475017459941
20.285 0.474985785912
20.290 0.47495412972
20.295 0.474922491356
20.300 0.47489087081
20.305 0.474859268073
20.310 0.474827683134
20.315 0.474796115984
20.320 0.474764566612
20.325 0.47473303501
20.330 0.474701521167
20.335 0.474670025074
20.340 0.47463854672
20.345 0.474607086096
20.350 0.474575643193
20.355 0.474544218
20.360 0.474512810508
20.365 0.474481420707
20.370 0.474450048588
20.375 0.47441869414
20.380 0.474387357355
20.385 0.474356038221
20.390 0.474324736731
20.395 0.474293452874
20.400 0.47426218664
20.405 0.474230938019
20.410 0.474199707003
20.415 0.474168493582
20.420 0.474137297745
20.425 0.474106119484
20.430 0.474074958788
20.435 0.474043815649
20.440 0.474012690056
20.445 0.473981582
20.450 0.473950491471
20.455 0.473919418461
20.460 0.473888362958
20.465 0.473857324955
20.470 0.47382630444
20.475 0.473795301406
20.480 0.473764315841
20.485 0.473733347738
20.490 0.473702397085
20.495 0.473671463875
20.500 0.473640548097
20.505 0.474834898367
20.510 0.476025756551
20.515 0.477213149204
20.520 0.47839710254
20.525 0.479577642438
20.530 0.48075479445
20.535 0.481928583809
20.540 0.483099035428
20.545 0.484266173911
20.550 0.485430023557
20.555 0.486590608365
20.560 0.487747952039
20.565 0.488902077994
20.570 0.49005300936
20.575 0.491200768986
20.580 0.492345379448
20.585 0.493486863051
20.590 0.494625241834
20.595 0.495760537574
20.600 0.496892771791
20.605 0.498021965754
20.610 0.499148140481
20.615 0.500271316747
20.620 0.501391515086
20.625 0.502508755794
20.630 0.503623058937
20.635 0.50473444435
20.640 0.505842931643
20.645 0.506948540204
20.650 0.508051289203
20.655 0.509151197595
20.660 0.510248284124
20.665 0.511342567325
20.670 0.51243406553
20.675 0.513522796866
20.680 0.514608779264
20.685 0.51569203046
20.690 0.516772567995
20.695 0.517850409222
20.700 0.518925571308
20.705 0.519998071233
20.710 0.521067925799
20.715 0.522135151629
20.720 0.52319976517
20.725 0.524261782694
20.730 0.525321220305
20.735 0.526378093939
20.740 0.527432419363
20.745 0.528484212185
20.750 0.52953348785
20.755 0.530580261645
20.760 0.531624548701
20.765 0.532666363993
20.770 0.533705722348
20.775 0.534742638441
20.780 0.535777126799
20.785 0.536809201805
20.790 0.537838877699
20.795 0.538866168578
20.800 0.539891088401
20.805 0.54091365099
20.810 0.541933870028
20.815 0.54295175907
20.820 0.543967331534
20.825 0.544980600712
20.830 0.545991579764
20.835 0.547000281727
20.840 0.548006719511
20.845 0.549010905903
20.850 0.55001285357
20.855 0.551012575059
20.860 0.552010082796
20.865 0.553005389094
20.870 0.553998506148
20.875 0.554989446042
20.880 0.555978220746
20.885 0.55696484212
20.890 0.557949321915
20.895 0.558931671773
20.900 0.559911903231
20.905 0.56089002772
20.910 0.561866056568
20.915 0.562840001001
20.920 0.563811872142
20.925 0.564781681017
20.930 0.565749438552
20.935 0.566715155574
20.940 0.567678842818
20.945 0.56864051092
20.950 0.569600170424
20.955 0.570557831783
20.960 0.571513505357
20.965 0.572467201416
20.970 0.573418930139
20.975 0.574368701621
20.980 0.575316525868
20.985 0.576262412798
20.990 0.577206372247
20.995 0.578148413966
21.000 0.579088547624
21.005 0.580003338838
21.010 0.580916325255
21.015 0.581827515673
21.020 0.582736918813
21.025 0.583644543329
21.030 0.584550397802
21.035 0.585454490744
21.040 0.586356830599
21.045 0.587257425743
21.050 0.588156284485
21.055 0.589053415067
21.060 0.589948825665
21.065 0.590842524392
21.070 0.591734519294
21.075 0.592624818356
21.080 0.5935134295
21.085 0.594400360584
21.090 0.595285619407
21.095 0.596169213705
21.100 0.597051151156
21.105 0.597931439377
21.110 0.598810085929
21.115 0.599687098311
21.120 0.600562483968
21.125 0.601436250285
21.130 0.602308404594
21.135 0.60317895417
21.140 0.604047906231
21.145 0.604915267945
21.150 0.605781046421
21.155 0.606645248719
21.160 0.607507881845
21.165 0.60836895275
21.170 0.609228468338
21.175 0.610086435459
21.180 0.610942860913
21.185 0.61179775145
21.190 0.612651113771
21.195 0.613502954528
21.200 0.614353280323
21.205 0.615202097712
21.210 0.616049413203
21.215 0.616895233256
21.220 0.617739564286
21.225 0.618582412661
21.230 0.619423784702
21.235 0.620263686688
21.240 0.621102124852
21.245 0.621939105382
21.250 0.622774634422
21.255 0.623608718075
21.260 0.624441362398
21.265 0.625272573409
21.270 0.62610235708
21.275 0.626930719344
21.280 0.627757666092
21.285 0.628583203175
21.290 0.629407336402
21.295 0.630230071544
21.300 0.63105141433
21.305 0.631871370452
21.310 0.63268994556
21.315 0.63350714527
21.320 0.634322975157
21.325 0.635137440757
21.330 0.635950547571
21.335 0.636762301063
21.340 0.637572706659
21.345 0.638381769749
21.350 0.639189495687
21.355 0.639995889792
21.360 0.640800957347
21.365 0.6416047036
21.370 0.642407133765
21.375 0.64320825302
21.380 0.644008066511
21.385 0.64480657935
21.390 0.645603796613
21.395 0.646399723347
21.400 0.647194364563
21.405 0.647987725242
21.410 0.648779810329
21.415 0.649570624742
21.420 0.650360173364
21.425 0.651148461048
21.430 0.651935492616
21.435 0.652721272858
21.440 0.653505806535
21.445 0.654289098376
21.450 0.655071153084
21.455 0.655851975327
21.460 0.656631569748
21.465 0.657409940959
21.470 0.658187093542
21.475 0.658963032052
21.480 0.659737761017
21.485 0.660511284933
21.490 0.661283608272
21.495 0.662054735476
21.500 0.66282467096
21.505 0.663464802767
21.510 0.66410407466
21.515 0.66474248932
21.520 0.665380049412
21.525 0.666016757588
21.530 0.666652616487
21.535 0.667287628735
21.540 0.667921796942
21.545 0.668555123707
21.550 0.669187611616
21.555 0.66981926324
21.560 0.670450081139
21.565 0.671080067859
21.570 0.671709225934
21.575 0.672337557884
21.580 0.672965066217
21.585 0.673591753428
21.590 0.674217622002
21.595 0.674842674407
21.600 0.675466913104
21.605 0.676090340538
21.610 0.676712959143
21.615 0.677334771341
21.620 0.677955779543
21.625 0.678575986147
21.630 0.679195393538
21.635 0.679814004093
21.640 0.680431820175
21.645 0.681048844134
21.650 0.681665078312
21.655 0.682280525036
21.660 0.682895186626
21.665 0.683509065387
21.670 0.684122163614
21.675 0.684734483591
21.680 0.685346027593
21.685 0.68595679788
21.690 0.686566796705
21.695 0.687176026308
21.700 0.687784488919
21.705 0.688392186758
21.710 0.688999122033
21.715 0.689605296943
21.720 0.690210713676
21.725 0.690815374409
21.730 0.69141928131
21.735 0.692022436536
21.740 0.692624842234
21.745 0.69322650054
21.750 0.693827413583
21.755 0.694427583479
21.760 0.695027012335
21.765 0.695625702248
21.770 0.696223655307
21.775 0.696820873589
21.780 0.697417359163
21.785 0.698013114088
21.790 0.698608140412
21.795 0.699202440177
21.800 0.699796015412
21.805 0.700388868139
21.810 0.700981000371
21.815 0.701572414109
21.820 0.702163111348
21.825 0.702753094073
21.830 0.703342364259
21.835 0.703930923873
21.840 0.704518774873
21.845 0.705105919209
21.850 0.70569235882
21.855 0.706278095639
21.860 0.706863131587
21.865 0.707447468581
21.870 0.708031108525
21.875 0.708614053316
21.880 0.709196304845
21.885 0.70977786499
21.890 0.710358735625
21.895 0.710938918614
21.900 0.711518415811
21.905 0.712097229065
21.910 0.712675360215
21.915 0.713252811093
21.920 0.71382958352
21.925 0.714405679314
21.930 0.714981100281
21.935 0.715555848221
21.940 0.716129924925
21.945 0.716703332178
21.950 0.717276071755
21.955 0.717848145425
21.960 0.71841955495
21.965 0.718990302081
21.970 0.719560388566
21.975 0.720129816141
21.980 0.720698586539
21.985 0.721266701482
21.990 0.721834162686
21.995 0.722400971861
22.000 0.722967130707
22.005 0.722974286582
22.010 0.722981449689
22.015 0.722988620027
22.020 0.722995797596
22.025 0.723002982393
22.030 0.723010174419
22.035 0.723017373671
22.040 0.72302458015
22.045 0.723031793854
22.050 0.723039014782
22.055 0.723046242933
22.060 0.723053478306
22.065 0.723060720901
22.070 0.723067970716
22.075 0.72307522775
22.080 0.723082492003
22.085 0.723089763473
22.090 0.723097042159
22.095 0.723104328061
22.100 0.723111621177
22.105 0.723118921507
22.110 0.72312622905
22.115 0.723133543804
22.120 0.723140865769
22.125 0.723148194943
22.130 0.723155531326
22.135 0.723162874918
22.140 0.723170225716
22.145 0.72317758372
22.150 0.723184948929
22.155 0.723192321342
22.160 0.723199700958
22.165 0.723207087777
22.170 0.723214481797
22.175 0.723221883017
22.180 0.723229291436
22.185 0.723236707054
22.190 0.72324412987
22.195 0.723251559882
22.200 0.72325899709
22.205 0.723266441493
22.210 0.72327389309
22.215 0.72328135188
22.220 0.723288817862
22.225 0.723296291035
22.230 0.723303771398
22.235 0.72331125895
22.240 0.723318753691
22.245 0.72332625562
22.250 0.723333764735
22.255 0.723341281036
22.260 0.723348804521
22.265 0.723356335191
22.270 0.723363873044
22.275 0.723371418078
22.280 0.723378970294
22.285 0.723386529691
22.290 0.723394096267
22.295 0.723401670021
22.300 0.723409250953
22.305 0.723416839062
22.310 0.723424434347
22.315 0.723432036807
22.320 0.723439646441
22.325 0.723447263249
22.330 0.723454887229
22.335 0.72346251838
22.340 0.723470156702
22.345 0.723477802194
22.350 0.723485454855
22.355 0.723493114684
22.360 0.723500781681
22.365 0.723508455843
22.370 0.723516137172
22.375 0.723523825664
22.380 0.723531521321
22.385 0.723539224141
22.390 0.723546934122
22.395 0.723554651265
22.400 0.723562375569
22.405 0.723570107032
22.410 0.723577845653
22.415 0.723585591433
22.420 0.72359334437
22.425 0.723601104462
22.430 0.72360887171
22.435 0.723616646113
22.440 0.723624427669
22.445 0.723632216378
22.450 0.72364001224
22.455 0.723647815252
22.460 0.723655625415
22.465 0.723663442727
22.470 0.723671267188
22.475 0.723679098797
22.480 0.723686937553
22.485 0.723694783455
22.490 0.723702636503
22.495 0.723710496695
22.500 0.723718364032
22.505 0.723595035677
22.510 0.7234717419
22.515 0.723348482681
22.520 0.723225257998
22.525 0.723102067831
22.530 0.722978912159
22.535 0.722855790962
22.540 0.72273270422
22.545 0.72260965191
22.550 0.722486634014
22.555 0.72236365051
22.560 0.722240701379
22.565 0.722117786598
22.570 0.721994906149
22.575 0.72187206001
22.580 0.721749248161
22.585 0.721626470582
22.590 0.721503727252
22.595 0.72138101815
22.600 0.721258343257
22.605 0.721135702552
22.610 0.721013096014
22.615 0.720890523623
22.620 0.72076798536
22.625 0.720645481203
22.630 0.720523011132
22.635 0.720400575126
22.640 0.720278173167
22.645 0.720155805233
22.650 0.720033471303
22.655 0.719911171359
22.660 0.719788905379
22.665 0.719666673344
22.670 0.719544475233
22.675 0.719422311025
22.680 0.719300180702
22.685 0.719178084242
22.690 0.719056021626
22.695 0.718933992833
22.700 0.718811997843
22.705 0.718690036636
22.710 0.718568109193
22.715 0.718446215492
22.720 0.718324355514
22.725 0.71820252924
22.730 0.718080736648
22.735 0.717958977719
22.740 0.717837252432
22.745 0.717715560769
22.750 0.717593902708
22.755 0.717472278231
22.760 0.717350687316
22.765 0.717229129944
22.770 0.717107606096
22.775 0.716986115751
22.780 0.716864658889
22.785 0.71674323549
22.790 0.716621845535
22.795 0.716500489004
22.800 0.716379165876
22.805 0.716257876133
22.810 0.716136619754
22.815 0.71601539672
22.820 0.71589420701
22.825 0.715773050605
22.830 0.715651927486
22.835 0.715530837631
22.840 0.715409781023
22.845 0.715288757641
22.850 0.715167767465
22.855 0.715046810475
22.860 0.714925886653
22.865 0.714804995978
22.870 0.714684138431
22.875 0.714563313991
22.880 0.71444252264
22.885 0.714321764359
22.890 0.714201039126
22.895 0.714080346923
22.900 0.71395968773
22.905 0.713839061528
22.910 0.713718468297
22.915 0.713597908018
22.920 0.71347738067
22.925 0.713356886236
22.930 0.713236424694
22.935 0.713115996026
22.940 0.712995600212
22.945 0.712875237233
22.950 0.71275490707
22.955 0.712634609702
22.960 0.712514345111
22.965 0.712394113277
22.970 0.712273914181
22.975 0.712153747803
22.980 0.712033614125
22.985 0.711913513126
22.990 0.711793444788
22.995 0.711673409091
23.000 0.711553406016
23.005 0.710985875228
23.010 0.710418103623
23.015 0.709850090462
23.020 0.709281835007
23.025 0.708713336516
23.030 0.708144594244
23.035 0.707575607444
23.040 0.707006375367
23.045 0.70643689726
23.050 0.705867172368
23.055 0.705297199936
23.060 0.704726979202
23.065 0.704156509405
23.070 0.703585789779
23.075 0.703014819557
23.080 0.702443597969
23.085 0.701872124241
23.090 0.701300397599
23.095 0.700728417264
23.100 0.700156182455
23.105 0.699583692389
23.110 0.699010946279
23.115 0.698437943336
23.120 0.697864682769
23.125 0.697291163783
23.130 0.69671738558
23.135 0.696143347361
23.140 0.695569048323
23.145 0.69499448766
23.150 0.694419664564
23.155 0.693844578222
23.160 0.693269227821
23.165 0.692693612544
23.170 0.692117731571
23.175 0.691541584079
23.180 0.690965169242
23.185 0.690388486231
23.190 0.689811534214
23.195 0.689234312358
23.200 0.688656819823
23.205 0.68807905577
23.210 0.687501019355
23.215 0.686922709731
23.220 0.686344126049
23.225 0.685765267455
23.230 0.685186133093
23.235 0.684606722105
23.240 0.684027033629
23.245 0.683447066799
23.250 0.682866820747
23.255 0.682286294601
23.260 0.681705487486
23.265 0.681124398525
23.270 0.680543026836
23.275 0.679961371536
23.280 0.679379431735
23.285 0.678797206544
23.290 0.678214695069
23.295 0.677631896411
23.300 0.677048809669
23.305 0.676465433941
23.310 0.675881768317
23.315 0.675297811888
23.320 0.674713563738
23.325 0.67412902295
23.330 0.673544188604
23.335 0.672959059773
23.340 0.672373635531
23.345 0.671787914945
23.350 0.671201897081
23.355 0.670615581
23.360 0.670028965759
23.365 0.669442050413
23.370 0.668854834012
23.375 0.668267315604
23.380 0.667679494231
23.385 0.667091368934
23.390 0.666502938749
23.395 0.665914202707
23.400 0.665325159839
23.405 0.664735809168
23.410 0.664146149715
23.415 0.663556180499
23.420 0.662965900532
23.425 0.662375308824
23.430 0.661784404382
23.435 0.661193186207
23.440 0.660601653298
23.445 0.660009804648
23.450 0.659417639248
23.455 0.658825156084
23.460 0.65823235414
23.465 0.657639232392
23.470 0.657045789815
23.475 0.656452025381
23.480 0.655857938054
23.485 0.655263526797
23.490 0.654668790568
23.495 0.654073728321
23.500 0.653478339006
23.505 0.652882621568
23.510 0.652286574948
23.515 0.651690198083
23.520 0.651093489907
23.525 0.650496449347
23.530 0.649899075328
23.535 0.64930136677
23.540 0.648703322587
23.545 0.648104941692
23.550 0.64750622299
23.555 0.646907165385
23.560 0.646307767773
23.565 0.645708029048
23.570 0.645107948098
23.575 0.644507523809
23.580 0.643906755058
23.585 0.643305640722
23.590 0.64270417967
23.595 0.642102370768
23.600 0.641500212878
23.605 0.640897704855
23.610 0.640294845551
23.615 0.639691633812
23.620 0.63908806848
23.625 0.638484148394
23.630 0.637879872383
23.635 0.637275239277
23.640 0.636670247898
23.645 0.636064897062
23.650 0.635459185582
23.655 0.634853112266
23.660 0.634246675916
23.665 0.633639875329
23.670 0.633032709298
23.675 0.632425176609
23.680 0.631817276045
23.685 0.631209006382
23.690 0.630600366391
23.695 0.629991354839
23.700 0.629381970486
23.705 0.628772212089
23.710 0.628162078396
23.715 0.627551568153
23.720 0.6269406801
23.725 0.626329412969
23.730 0.62571776549
23.735 0.625105736385
23.740 0.624493324371
23.745 0.62388052816
23.750 0.623267346458
23.755 0.622653777965
23.760 0.622039821376
23.765 0.621425475379
23.770 0.620810738657
23.775 0.620195609888
23.780 0.619580087743
23.785 0.618964170887
23.790 0.61834785798
23.795 0.617731147674
23.800 0.617114038619
23.805 0.616496529454
23.810 0.615878618816
23.815 0.615260305333
23.820 0.614641587628
23.825 0.614022464319
23.830 0.613402934015
23.835 0.612782995321
23.840 0.612162646834
23.845 0.611541887147
23.850 0.610920714844
23.855 0.610299128503
23.860 0.609677126698
23.865 0.609054707992
23.870 0.608431870946
23.875 0.607808614112
23.880 0.607184936034
23.885 0.606560835252
23.890 0.605936310299
23.895 0.605311359698
23.900 0.60468598197
23.905 0.604060175624
23.910 0.603433939166
23.915 0.602807271094
23.920 0.602180169897
23.925 0.601552634059
23.930 0.600924662057
23.935 0.600296252358
23.940 0.599667403426
23.945 0.599038113715
23.950 0.598408381671
23.955 0.597778205735
23.960 0.597147584339
23.965 0.596516515907
23.970 0.595884998857
23.975 0.595253031599
23.980 0.594620612534
23.985 0.593987740057
23.990 0.593354412554
23.995 0.592720628405
24.000 0.592086385979
24.005 0.591451683641
24.010 0.590816519744
24.015 0.590180892636
24.020 0.589544800656
24.025 0.588908242134
24.030 0.588271215392
24.035 0.587633718746
24.040 0.586995750501
24.045 0.586357308954
24.050 0.585718392394
24.055 0.585078999103
24.060 0.584439127352
24.065 0.583798775404
24.070 0.583157941514
24.075 0.582516623929
24.080 0.581874820885
24.085 0.581232530611
24.090 0.580589751325
24.095 0.579946481239
24.100 0.579302718554
24.105 0.578658461461
24.110 0.578013708145
24.115 0.577368456777
24.120 0.576722705524
24.125 0.576076452539
24.130 0.575429695969
24.135 0.574782433948
24.140 0.574134664605
24.145 0.573486386054
24.150 0.572837596404
24.155 0.572188293751
24.160 0.571538476183
24.165 0.570888141776
24.170 0.570237288598
24.175 0.569585914706
24.180 0.568934018146
24.185 0.568281596956
24.190 0.567628649162
24.195 0.566975172779
24.200 0.566321165813
24.205 0.565666626258
24.210 0.565011552099
24.215 0.564355941308
24.220 0.563699791849
24.225 0.563043101672
24.230 0.562385868719
24.235 0.561728090919
24.240 0.56106976619
24.245 0.560410892439
24.250 0.559751467563
24.255 0.559091489444
24.260 0.558430955957
24.265 0.557769864962
24.270 0.557108214309
24.275 0.556446001836
24.280 0.555783225368
24.285 0.555119882719
24.290 0.554455971692
24.295 0.553791490075
24.300 0.553126435646
24.305 0.552460806171
24.310 0.551794599401
24.315 0.551127813078
24.320 0.550460444927
24.325 0.549792492665
24.330 0.549123953992
24.335 0.548454826598
24.340 0.547785108158
24.345 0.547114796335
24.350 0.546443888779
24.355 0.545772383125
24.360 0.545100276996
24.365 0.544427568001
24.370 0.543754253735
24.375 0.543080331779
24.380 0.542405799701
24.385 0.541730655054
24.390 0.541054895378
24.395 0.540378518198
24.400 0.539701521024
24.405 0.539023901352
24.410 0.538345656664
24.415 0.537666784426
24.420 0.536987282091
24.425 0.536307147095
24.430 0.535626376859
24.435 0.534944968791
24.440 0.534262920282
24.445 0.533580228706
24.450 0.532896891424
24.455 0.53221290578
24.460 0.531528269102
24.465 0.530842978703
24.470 0.530157031878
24.475 0.529470425907
24.480 0.528783158054
24.485 0.528095225564
24.490 0.527406625669
24.495 0.52671735558
24.500 0.526027412495
24.505 0.525336793591
24.510 0.524645496031
24.515 0.523953516958
24.520 0.523260853498
24.525 0.522567502761
24.530 0.521873461836
24.535 0.521178727796
24.540 0.520483297697
24.545 0.519787168572
24.550 0.519090337441
24.555 0.5183928013
24.560 0.51769455713
24.565 0.516995601892
24.570 0.516295932526
24.575 0.515595545954
24.580 0.514894439079
24.585 0.514192608783
24.590 0.513490051928
24.595 0.512786765357
24.600 0.512082745892
24.605 0.511377990334
24.610 0.510672495464
24.615 0.509966258041
24.620 0.509259274805
24.625 0.508551542474
24.630 0.507843057742
24.635 0.507133817285
24.640 0.506423817755
24.645 0.505713055783
24.650 0.505001527976
24.655 0.50428923092
24.660 0.503576161179
24.665 0.502862315292
24.670 0.502147689776
24.675 0.501432281125
24.680 0.500716085809
24.685 0.499999100274
24.690 0.499281320942
24.695 0.49856274421
24.700 0.497843366453
24.705 0.49712318402
24.710 0.496402193233
24.715 0.495680390392
24.720 0.494957771769
24.725 0.494234333612
24.730 0.493510072142
24.735 0.492784983555
24.740 0.49205906402
24.745 0.491332309678
24.750 0.490604716645
24.755 0.489876281009
24.760 0.489146998829
24.765 0.488416866139
24.770 0.487685878943
24.775 0.486954033218
24.780 0.48622132491
24.785 0.485487749939
24.790 0.484753304193
24.795 0.484017983533
24.800 0.48328178379
24.805 0.482544700762
24.810 0.48180673022
24.815 0.481067867902
24.820 0.480328109516
24.825 0.47958745074
24.830 0.478845887216
24.835 0.47810341456
24.840 0.47736002835
24.845 0.476615724135
24.850 0.475870497429
24.855 0.475124343714
24.860 0.474377258438
24.865 0.473629237014
24.870 0.472880274822
24.875 0.472130367205
24.880 0.471379509473
24.885 0.4706276969
24.890 0.469874924724
24.895 0.469121188145
24.900 0.46836648233
24.905 0.467610802405
24.910 0.46685414346
24.915 0.466096500549
24.920 0.465337868685
24.925 0.464578242844
24.930 0.463817617961
24.935 0.463055988933
24.940 0.462293350616
24.945 0.461529697828
24.950 0.460765025342
24.955 0.459999327893
24.960 0.459232600172
24.965 0.45846483683
24.970 0.457696032473
24.975 0.456926181665
24.980 0.456155278926
24.985 0.455383318731
24.990 0.454610295511
24.995 0.453836203653
25.000 0.453061037495
25.005 0.452969125612
25.010 0.452877233572
25.015 0.452785361363
25.020 0.452693508972
25.025 0.452601676387
25.030 0.452509863594
25.035 0.452418070581
25.040 0.452326297336
25.045 0.452234543845
25.050 0.452142810096
25.055 0.452051096077
25.060 0.451959401774
25.065 0.451867727176
25.070 0.451776072269
25.075 0.451684437041
25.080 0.451592821479
25.085 0.451501225571
25.090 0.451409649303
25.095 0.451318092664
25.100 0.451226555641
25.105 0.451135038221
25.110 0.451043540392
25.115 0.450952062141
25.120 0.450860603455
25.125 0.450769164322
25.130 0.45067774473
25.135 0.450586344665
25.140 0.450494964116
25.145 0.45040360307
25.150 0.450312261513
25.155 0.450220939435
25.160 0.450129636822
25.165 0.450038353661
25.170 0.44994708994
25.175 0.449855845648
25.180 0.44976462077
25.185 0.449673415295
25.190 0.449582229211
25.195 0.449491062504
25.200 0.449399915162
25.205 0.449308787174
25.210 0.449217678526
25.215 0.449126589205
25.220 0.449035519201
25.225 0.448944468499
25.230 0.448853437088
25.235 0.448762424955
25.240 0.448671432089
25.245 0.448580458475
25.250 0.448489504103
25.255 0.448398568959
25.260 0.448307653032
25.265 0.448216756308
25.270 0.448125878776
25.275 0.448035020423
25.280 0.447944181237
25.285 0.447853361205
25.290 0.447762560316
25.295 0.447671778556
25.300 0.447581015914
25.305 0.447490272376
25.310 0.447399547932
25.315 0.447308842568
25.320 0.447218156272
25.325 0.447127489032
25.330 0.447036840835
25.335 0.44694621167
25.340 0.446855601523
25.345 0.446765010384
25.350 0.446674438238
25.355 0.446583885075
25.360 0.446493350882
25.365 0.446402835646
25.370 0.446312339356
25.375 0.446221861999
25.380 0.446131403563
25.385 0.446040964036
25.390 0.445950543405
25.395 0.445860141658
25.400 0.445769758783
25.405 0.445679394768
25.410 0.445589049601
25.415 0.445498723269
25.420 0.445408415761
25.425 0.445318127063
25.430 0.445227857165
25.435 0.445137606053
25.440 0.445047373716
25.445 0.444957160141
25.450 0.444866965317
25.455 0.444776789231
25.460 0.44468663187
25.465 0.444596493224
25.470 0.444506373279
25.475 0.444416272024
25.480 0.444326189447
25.485 0.444236125534
25.490 0.444146080276
25.495 0.444056053658
25.500 0.44396604567
25.505 0.443876056298
25.510 0.443786085532
25.515 0.443696133359
25.520 0.443606199766
25.525 0.443516284742
25.530 0.443426388275
25.535 0.443336510353
25.540 0.443246650963
25.545 0.443156810094
25.550 0.443066987734
25.555 0.44297718387
25.560 0.44288739849
25.565 0.442797631584
25.570 0.442707883137
25.575 0.44261815314
25.580 0.442528441579
25.585 0.442438748442
25.590 0.442349073718
25.595 0.442259417395
25.600 0.44216977946
25.605 0.442080159902
25.610 0.441990558709
25.615 0.441900975869
25.620 0.441811411369
25.625 0.441721865199
25.630 0.441632337345
25.635 0.441542827796
25.640 0.441453336541
25.645 0.441363863566
25.650 0.441274408861
25.655 0.441184972414
25.660 0.441095554212
25.665 0.441006154243
25.670 0.440916772497
25.675 0.44082740896
25.680 0.440738063621
25.685 0.440648736468
25.690 0.44055942749
25.695 0.440470136673
25.700 0.440380864008
25.705 0.440291609481
25.710 0.440202373081
25.715 0.440113154796
25.720 0.440023954614
25.725 0.439934772523
25.730 0.439845608512
25.735 0.439756462569
25.740 0.439667334682
25.745 0.439578224839
25.750 0.439489133028
25.755 0.439400059238
25.760 0.439311003456
25.765 0.439221965672
25.770 0.439132945873
25.775 0.439043944047
25.780 0.438954960183
25.785 0.438865994269
25.790 0.438777046293
25.795 0.438688116244
25.800 0.438599204109
25.805 0.438510309877
25.810 0.438421433537
25.815 0.438332575076
25.820 0.438243734483
25.825 0.438154911746
25.830 0.438066106854
25.835 0.437977319794
25.840 0.437888550555
25.845 0.437799799126
25.850 0.437711065494
25.855 0.437622349648
25.860 0.437533651577
25.865 0.437444971268
25.870 0.437356308711
25.875 0.437267663892
25.880 0.437179036802
25.885 0.437090427427
25.890 0.437001835757
25.895 0.43691326178
25.900 0.436824705483
25.905 0.436736166857
25.910 0.436647645888
25.915 0.436559142566
25.920 0.436470656878
25.925 0.436382188814
25.930 0.436293738361
25.935 0.436205305508
25.940 0.436116890243
25.945 0.436028492555
25.950 0.435940112433
25.955 0.435851749864
25.960 0.435763404837
25.965 0.43567507734
25.970 0.435586767363
25.975 0.435498474893
25.980 0.435410199919
25.985 0.43532194243
25.990 0.435233702413
25.995 0.435145479858
26.000 0.435057274752
26.005 0.434969087085
26.010 0.434880916844
26.015 0.434792764019
26.020 0.434704628598
26.025 0.434616510569
26.030 0.434528409921
26.035 0.434440326642
26.040 0.434352260721
26.045 0.434264212147
26.050 0.434176180907
26.055 0.434088166991
26.060 0.434000170387
26.065 0.433912191084
26.070 0.43382422907
26.075 0.433736284333
26.080 0.433648356863
26.085 0.433560446648
26.090 0.433472553676
26.095 0.433384677936
26.100 0.433296819417
26.105 0.433208978107
26.110 0.433121153995
26.115 0.433033347069
26.120 0.432945557318
26.125 0.432857784731
26.130 0.432770029296
26.135 0.432682291002
26.140 0.432594569838
26.145 0.432506865792
26.150 0.432419178853
26.155 0.432331509009
26.160 0.432243856249
26.165 0.432156220562
26.170 0.432068601936
26.175 0.431981000361
26.180 0.431893415824
26.185 0.431805848315
26.190 0.431718297822
26.195 0.431630764334
26.200 0.431543247839
26.205 0.431455748327
26.210 0.431368265785
26.215 0.431280800203
26.220 0.43119335157
26.225 0.431105919873
26.230 0.431018505103
26.235 0.430931107246
26.240 0.430843726294
26.245 0.430756362233
26.250 0.430669015053
26.255 0.430581684742
26.260 0.43049437129
26.265 0.430407074684
26.270 0.430319794915
26.275 0.43023253197
26.280 0.430145285838
26.285 0.430058056509
26.290 0.42997084397
26.295 0.429883648211
26.300 0.429796469221
26.305 0.429709306988
26.310 0.429622161501
26.315 0.429535032748
26.320 0.42944792072
26.325 0.429360825404
26.330 0.42927374679
26.335 0.429186684865
26.340 0.42909963962
26.345 0.429012611043
26.350 0.428925599122
26.355 0.428838603847
26.360 0.428751625206
26.365 0.428664663189
26.370 0.428577717783
26.375 0.428490788979
26.380 0.428403876765
26.385 0.428316981129
26.390 0.428230102061
26.395 0.42814323955
26.400 0.428056393584
26.405 0.427969564152
26.410 0.427882751244
26.415 0.427795954848
26.420 0.427709174953
26.425 0.427622411548
26.430 0.427535664622
26.435 0.427448934163
26.440 0.427362220162
26.445 0.427275522606
26.450 0.427188841485
26.455 0.427102176787
26.460 0.427015528502
26.465 0.426928896619
26.470 0.426842281126
26.475 0.426755682012
26.480 0.426669099267
26.485 0.42658253288
26.490 0.426495982838
26.495 0.426409449133
26.500 0.426322931751
26.505 0.426236430683
26.510 0.426149945917
26.515 0.426063477443
26.520 0.425977025248
26.525 0.425890589324
26.530 0.425804169657
26.535 0.425717766239
26.540 0.425631379056
26.545 0.425545008099
26.550 0.425458653357
26.555 0.425372314818
26.560 0.425285992472
26.565 0.425199686308
26.570 0.425113396314
26.575 0.42502712248
26.580 0.424940864795
26.585 0.424854623248
26.590 0.424768397828
26.595 0.424682188524
26.600 0.424595995325
26.605 0.424509818221
26.610 0.4244236572
26.615 0.424337512251
26.620 0.424251383364
26.625 0.424165270528
26.630 0.424079173731
26.635 0.423993092964
26.640 0.423907028214
26.645 0.423820979472
26.650 0.423734946726
26.655 0.423648929965
26.660 0.423562929179
26.665 0.423476944356
26.670 0.423390975487
26.675 0.423305022559
26.680 0.423219085563
26.685 0.423133164487
26.690 0.423047259321
26.695 0.422961370053
26.700 0.422875496673
26.705 0.42278963917
26.710 0.422703797534
26.715 0.422617971753
26.720 0.422532161816
26.725 0.422446367714
26.730 0.422360589434
26.735 0.422274826967
26.740 0.422189080301
26.745 0.422103349426
26.750 0.42201763433
26.755 0.421931935004
26.760 0.421846251436
26.765 0.421760583616
26.770 0.421674931532
26.775 0.421589295175
26.780 0.421503674533
26.785 0.421418069596
26.790 0.421332480352
26.795 0.421246906792
26.800 0.421161348904
26.805 0.421075806677
26.810 0.420990280102
26.815 0.420904769166
26.820 0.42081927386
26.825 0.420733794173
26.830 0.420648330094
26.835 0.420562881613
26.840 0.420477448718
26.845 0.420392031399
26.850 0.420306629645
26.855 0.420221243446
26.860 0.420135872791
26.865 0.420050517669
26.870 0.419965178069
26.875 0.419879853982
26.880 0.419794545396
26.885 0.4197092523
26.890 0.419623974685
26.895 0.419538712538
26.900 0.41945346585
26.905 0.419368234611
26.910 0.419283018808
26.915 0.419197818433
26.920 0.419112633473
26.925 0.419027463919
26.930 0.41894230976
26.935 0.418857170985
26.940 0.418772047584
26.945 0.418686939545
26.950 0.418601846859
26.955 0.418516769515
26.960 0.418431707503
26.965 0.41834666081
26.970 0.418261629428
26.975 0.418176613346
26.980 0.418091612552
26.985 0.418006627036
26.990 0.417921656789
26.995 0.417836701798
27.000 0.417751762055
27.005 0.417699051659
27.010 0.417646356635
27.015 0.417593676973
27.020 0.417541012669
27.025 0.417488363715
27.030 0.417435730104
27.035 0.417383111831
27.040 0.417330508888
27.045 0.417277921269
27.050 0.417225348966
27.055 0.417172791975
27.060 0.417120250287
27.065 0.417067723896
27.070 0.417015212797
27.075 0.416962716981
27.080 0.416910236443
27.085 0.416857771176
27.090 0.416805321173
27.095 0.416752886428
27.100 0.416700466934
27.105 0.416648062684
27.110 0.416595673673
27.115 0.416543299893
27.120 0.416490941338
27.125 0.416438598002
27.130 0.416386269877
27.135 0.416333956958
27.140 0.416281659237
27.145 0.416229376709
27.150 0.416177109366
27.155 0.416124857202
27.160 0.416072620211
27.165 0.416020398386
27.170 0.415968191721
27.175 0.415916000208
27.180 0.415863823843
27.185 0.415811662617
27.190 0.415759516525
27.195 0.41570738556
27.200 0.415655269715
27.205 0.415603168985
27.210 0.415551083362
27.215 0.41549901284
27.220 0.415446957413
27.225 0.415394917074
27.230 0.415342891817
27.235 0.415290881635
27.240 0.415238886522
27.245 0.415186906471
27.250 0.415134941476
27.255 0.415082991531
27.260 0.415031056628
27.265 0.414979136762
27.270 0.414927231926
27.275 0.414875342114
27.280 0.414823467319
27.285 0.414771607536
27.290 0.414719762756
27.295 0.414667932975
27.300 0.414616118185
27.305 0.41456431838
27.310 0.414512533555
27.315 0.414460763701
27.320 0.414409008814
27.325 0.414357268886
27.330 0.414305543912
27.335 0.414253833885
27.340 0.414202138798
27.345 0.414150458645
27.350 0.41409879342
27.355 0.414047143116
27.360 0.413995507728
27.365 0.413943887248
27.370 0.413892281671
27.375 0.413840690989
27.380 0.413789115198
27.385 0.413737554289
27.390 0.413686008258
27.395 0.413634477097
27.400 0.413582960801
27.405 0.413531459362
27.410 0.413479972776
27.415 0.413428501034
27.420 0.413377044132
27.425 0.413325602063
27.430 0.41327417482
27.435 0.413222762397
27.440 0.413171364788
27.445 0.413119981987
27.450 0.413068613987
27.455 0.413017260782
27.460 0.412965922366
27.465 0.412914598733
27.470 0.412863289875
27.475 0.412811995788
27.480 0.412760716464
27.485 0.412709451898
27.490 0.412658202083
27.495 0.412606967013
27.500 0.412555746681
27.505 0.412504541082
27.510 0.412453350209
27.515 0.412402174056
27.520 0.412351012617
27.525 0.412299865886
27.530 0.412248733856
27.535 0.41219761652
27.540 0.412146513874
27.545 0.412095425911
27.550 0.412044352624
27.555 0.411993294007
27.560 0.411942250054
27.565 0.411891220759
27.570 0.411840206116
27.575 0.411789206118
27.580 0.41173822076
27.585 0.411687250034
27.590 0.411636293936
27.595 0.411585352459
27.600 0.411534425596
27.605 0.411483513342
27.610 0.41143261569
27.615 0.411381732634
27.620 0.411330864168
27.625 0.411280010286
27.630 0.411229170982
27.635 0.411178346249
27.640 0.411127536082
27.645 0.411076740474
27.650 0.41102595942
27.655 0.410975192912
27.660 0.410924440946
27.665 0.410873703514
27.670 0.410822980611
27.675 0.410772272231
27.680 0.410721578367
27.685 0.410670899013
27.690 0.410620234164
27.695 0.410569583814
27.700 0.410518947955
27.705 0.410468326583
27.710 0.41041771969
27.715 0.410367127272
27.720 0.410316549321
27.725 0.410265985832
27.730 0.410215436799
27.735 0.410164902215
27.740 0.410114382075
27.745 0.410063876373
27.750 0.410013385102
27.755 0.409962908257
27.760 0.409912445831
27.765 0.409861997818
27.770 0.409811564213
27.775 0.409761145009
27.780 0.409710740201
27.785 0.409660349781
27.790 0.409609973745
27.795 0.409559612087
27.800 0.409509264799
27.805 0.409458931877
27.810 0.409408613314
27.815 0.409358309104
27.820 0.409308019241
27.825 0.40925774372
27.830 0.409207482534
27.835 0.409157235677
27.840 0.409107003144
27.845 0.409056784928
27.850 0.409006581023
27.855 0.408956391424
27.860 0.408906216124
27.865 0.408856055117
27.870 0.408805908398
27.875 0.408755775961
27.880 0.408705657799
27.885 0.408655553907
27.890 0.408605464279
27.895 0.408555388908
27.900 0.408505327789
27.905 0.408455280916
27.910 0.408405248283
27.915 0.408355229885
27.920 0.408305225714
27.925 0.408255235766
27.930 0.408205260034
27.935 0.408155298512
27.940 0.408105351195
27.945 0.408055418076
27.950 0.408005499151
27.955 0.407955594412
27.960 0.407905703854
27.965 0.407855827471
27.970 0.407805965257
27.975 0.407756117206
27.980 0.407706283313
27.985 0.407656463572
27.990 0.407606657976
27.995 0.40755686652
28.000 0.407507089198
28.005 0.407457326004
28.010 0.407407576932
28.015 0.407357841977
28.020 0.407308121132
28.025 0.407258414392
28.030 0.407208721751
28.035 0.407159043203
28.040 0.407109378742
28.045 0.407059728363
28.050 0.407010092059
28.055 0.406960469825
28.060 0.406910861655
28.065 0.406861267543
28.070 0.406811687483
28.075 0.40676212147
28.080 0.406712569497
28.085 0.40666303156
28.090 0.406613507651
28.095 0.406563997766
28.100 0.406514501899
28.105 0.406465020043
28.110 0.406415552193
28.115 0.406366098344
28.120 0.406316658489
28.125 0.406267232623
28.130 0.406217820739
28.135 0.406168422833
28.140 0.406119038898
28.145 0.406069668929
28.150 0.40602031292
28.155 0.405970970864
28.160 0.405921642758
28.165 0.405872328594
28.170 0.405823028367
28.175 0.405773742071
28.180 0.4057244697
28.185 0.40567521125
28.190 0.405625966713
28.195 0.405576736085
28.200 0.405527519359
28.205 0.40547831653
28.210 0.405429127593
28.215 0.405379952541
28.220 0.405330791368
28.225 0.40528164407
28.230 0.405232510641
28.235 0.405183391074
28.240 0.405134285364
28.245 0.405085193505
28.250 0.405036115492
28.255 0.404987051319
28.260 0.40493800098
28.265 0.40488896447
28.270 0.404839941784
28.275 0.404790932914
28.280 0.404741937856
28.285 0.404692956604
28.290 0.404643989153
28.295 0.404595035496
28.300 0.404546095628
28.305 0.404497169544
28.310 0.404448257238
28.315 0.404399358704
28.320 0.404350473936
28.325 0.40430160293
28.330 0.404252745678
28.335 0.404203902177
28.340 0.404155072419
28.345 0.404106256401
28.350 0.404057454114
28.355 0.404008665556
28.360 0.403959890719
28.365 0.403911129598
28.370 0.403862382187
28.375 0.403813648481
28.380 0.403764928475
28.385 0.403716222163
28.390 0.403667529538
28.395 0.403618850596
28.400 0.403570185331
28.405 0.403521533738
28.410 0.403472895811
28.415 0.403424271543
28.420 0.403375660931
28.425 0.403327063968
28.430 0.403278480648
28.435 0.403229910967
28.440 0.403181354918
28.445 0.403132812496
28.450 0.403084283696
28.455 0.403035768511
28.460 0.402987266937
28.465 0.402938778968
28.470 0.402890304599
28.475 0.402841843823
28.480 0.402793396635
28.485 0.402744963031
28.490 0.402696543003
28.495 0.402648136548
28.500 0.402599743659
28.505 0.40255136433
28.510 0.402502998557
28.515 0.402454646334
28.520 0.402406307655
28.525 0.402357982515
28.530 0.402309670908
28.535 0.40226137283
28.540 0.402213088273
28.545 0.402164817234
28.550 0.402116559706
28.555 0.402068315684
28.560 0.402020085163
28.565 0.401971868137
28.570 0.4019236646
28.575 0.401875474548
28.580 0.401827297974
28.585 0.401779134874
28.590 0.401730985241
28.595 0.401682849071
28.600 0.401634726358
28.605 0.401586617096
28.610 0.401538521281
28.615 0.401490438906
28.620 0.401442369967
28.625 0.401394314457
28.630 0.401346272372
28.635 0.401298243706
28.640 0.401250228454
28.645 0.40120222661
28.650 0.401154238169
28.655 0.401106263125
28.660 0.401058301473
28.665 0.401010353208
28.670 0.400962418324
28.675 0.400914496816
28.680 0.400866588678
28.685 0.400818693906
28.690 0.400770812494
28.695 0.400722944435
28.700 0.400675089726
28.705 0.400627248361
28.710 0.400579420333
28.715 0.400531605639
28.720 0.400483804272
28.725 0.400436016228
28.730 0.4003882415
28.735 0.400340480084
28.740 0.400292731974
28.745 0.400244997165
28.750 0.400197275652
28.755 0.400149567429
28.760 0.40010187249
28.765 0.400054190832
28.770 0.400006522447
28.775 0.399958867331
28.780 0.399911225479
28.785 0.399863596886
28.790 0.399815981545
28.795 0.399768379452
28.800 0.399720790601
28.805 0.399673214987
28.810 0.399625652605
28.815 0.39957810345
28.820 0.399530567516
28.825 0.399483044798
28.830 0.39943553529
28.835 0.399388038988
28.840 0.399340555886
28.845 0.399293085979
28.850 0.399245629261
28.855 0.399198185728
28.860 0.399150755373
28.865 0.399103338193
28.870 0.39905593418
28.875 0.399008543332
28.880 0.398961165641
28.885 0.398913801103
28.890 0.398866449712
28.895 0.398819111464
28.900 0.398771786353
28.905 0.398724474374
28.910 0.398677175521
28.915 0.398629889789
28.920 0.398582617174
28.925 0.39853535767
28.930 0.398488111271
28.935 0.398440877973
28.940 0.39839365777
28.945 0.398346450658
28.950 0.39829925663
28.955 0.398252075682
28.960 0.398204907808
28.965 0.398157753004
28.970 0.398110611263
28.975 0.398063482582
28.980 0.398016366954
28.985 0.397969264375
28.990 0.397922174839
28.995 0.397875098342
29.000 0.397828034877
29.005 0.397792719828
29.010 0.397757416867
29.015 0.39772212599
29.020 0.397686847192
29.025 0.397651580469
29.030 0.397616325818
29.035 0.397581083233
29.040 0.397545852711
29.045 0.397510634248
29.050 0.397475427839
29.055 0.397440233481
29.060 0.397405051168
29.065 0.397369880897
29.070 0.397334722664
29.075 0.397299576464
29.080 0.397264442293
29.085 0.397229320147
29.090 0.397194210022
29.095 0.397159111914
29.100 0.397124025819
29.105 0.397088951732
29.110 0.397053889649
29.115 0.397018839566
29.120 0.396983801479
29.125 0.396948775384
29.130 0.396913761277
29.135 0.396878759153
29.140 0.396843769008
29.145 0.396808790839
29.150 0.39677382464
29.155 0.396738870409
29.160 0.39670392814
29.165 0.39666899783
29.170 0.396634079475
29.175 0.39659917307
29.180 0.396564278611
29.185 0.396529396094
29.190 0.396494525516
29.195 0.396459666872
29.200 0.396424820157
29.205 0.396389985368
29.210 0.396355162501
29.215 0.396320351551
29.220 0.396285552515
29.225 0.396250765388
29.230 0.396215990166
29.235 0.396181226845
29.240 0.396146475422
29.245 0.396111735891
29.250 0.39607700825
29.255 0.396042292493
29.260 0.396007588617
29.265 0.395972896618
29.270 0.395938216491
29.275 0.395903548233
29.280 0.395868891839
29.285 0.395834247306
29.290 0.395799614629
29.295 0.395764993804
29.300 0.395730384828
29.305 0.395695787696
29.310 0.395661202404
29.315 0.395626628948
29.320 0.395592067324
29.325 0.395557517529
29.330 0.395522979557
29.335 0.395488453405
29.340 0.395453939069
29.345 0.395419436545
29.350 0.395384945829
29.355 0.395350466917
29.360 0.395315999804
29.365 0.395281544487
29.370 0.395247100963
29.375 0.395212669226
29.380 0.395178249272
29.385 0.395143841099
29.390 0.395109444701
29.395 0.395075060075
29.400 0.395040687217
29.405 0.395006326122
29.410 0.394971976787
29.415 0.394937639208
29.420 0.394903313381
29.425 0.394868999302
29.430 0.394834696966
29.435 0.394800406371
29.440 0.394766127511
29.445 0.394731860383
29.450 0.394697604983
29.455 0.394663361307
29.460 0.394629129351
29.465 0.394594909111
29.470 0.394560700583
29.475 0.394526503763
29.480 0.394492318648
29.485 0.394458145232
29.490 0.394423983513
29.495 0.394389833486
29.500 0.394355695147
29.505 0.394321568493
29.510 0.39428745352
29.515 0.394253350222
29.520 0.394219258598
29.525 0.394185178642
29.530 0.394151110351
29.535 0.394117053721
29.540 0.394083008747
29.545 0.394048975427
29.550 0.394014953756
29.555 0.39398094373
29.560 0.393946945345
29.565 0.393912958597
29.570 0.393878983483
29.575 0.393845019998
29.580 0.393811068139
29.585 0.393777127902
29.590 0.393743199282
29.595 0.393709282277
29.600 0.393675376881
29.605 0.393641483092
29.610 0.393607600905
29.615 0.393573730316
29.620 0.393539871322
29.625 0.393506023918
29.630 0.393472188101
29.635 0.393438363867
29.640 0.393404551212
29.645 0.393370750132
29.650 0.393336960623
29.655 0.393303182682
29.660 0.393269416305
29.665 0.393235661487
29.670 0.393201918224
29.675 0.393168186514
29.680 0.393134466352
29.685 0.393100757734
29.690 0.393067060657
29.695 0.393033375116
29.700 0.392999701109
29.705 0.39296603863
29.710 0.392932387676
29.715 0.392898748243
29.720 0.392865120328
29.725 0.392831503926
29.730 0.392797899035
29.735 0.392764305649
29.740 0.392730723765
29.745 0.39269715338
29.750 0.392663594489
29.755 0.392630047089
29.760 0.392596511176
29.765 0.392562986746
29.770 0.392529473795
29.775 0.39249597232
29.780 0.392462482316
29.785 0.392429003781
29.790 0.392395536709
29.795 0.392362081098
29.800 0.392328636943
29.805 0.392295204242
29.810 0.392261782989
29.815 0.392228373181
29.820 0.392194974815
29.825 0.392161587886
29.830 0.392128212392
29.835 0.392094848327
29.840 0.392061495689
29.845 0.392028154473
29.850 0.391994824677
29.855 0.391961506295
29.860 0.391928199324
29.865 0.391894903762
29.870 0.391861619602
29.875 0.391828346844
29.880 0.391795085481
29.885 0.391761835511
29.890 0.39172859693
29.895 0.391695369733
29.900 0.391662153919
29.905 0.391628949481
29.910 0.391595756418
29.915 0.391562574725
29.920 0.391529404398
29.925 0.391496245434
29.930 0.39146309783
29.935 0.39142996158
29.940 0.391396836682
29.945 0.391363723132
29.950 0.391330620926
29.955 0.39129753006
29.960 0.391264450531
29.965 0.391231382335
29.970 0.391198325469
29.975 0.391165279928
29.980 0.391132245709
29.985 0.391099222809
29.990 0.391066211223
29.995 0.391033210947
