11.000 2.31610172985
11.005 2.31558237012
11.010 2.31506337815
11.015 2.3145447535
11.020 2.31402649579
11.025 2.31350860459
11.030 2.3129910795
11.035 2.3124739201
11.040 2.311957126
11.045 2.31144069677
11.050 2.31092463201
11.055 2.31040893132
11.060 2.3098935943
11.065 2.30937862052
11.070 2.3088640096
11.075 2.30834976112
11.080 2.30783587469
11.085 2.30732234989
11.090 2.30680918634
11.095 2.30629638362
11.100 2.30578394133
11.105 2.30527185908
11.110 2.30476013647
11.115 2.30424877309
11.120 2.30373776856
11.125 2.30322712246
11.130 2.3027168344
11.135 2.302206904
11.140 2.30169733084
11.145 2.30118811454
11.150 2.3006792547
11.155 2.30017075093
11.160 2.29966260283
11.165 2.29915481002
11.170 2.29864737209
11.175 2.29814028866
11.180 2.29763355934
11.185 2.29712718373
11.190 2.29662116145
11.195 2.29611549211
11.200 2.29561017532
11.205 2.29510521069
11.210 2.29460059783
11.215 2.29409633636
11.220 2.29359242589
11.225 2.29308886604
11.230 2.29258565642
11.235 2.29208279664
11.240 2.29158028633
11.245 2.2910781251
11.250 2.29057631257
11.255 2.29007484835
11.260 2.28957373207
11.265 2.28907296334
11.270 2.28857254178
11.275 2.28807246702
11.280 2.28757273867
11.285 2.28707335636
11.290 2.28657431971
11.295 2.28607562835
11.300 2.28557728188
11.305 2.28507927995
11.310 2.28458162217
11.315 2.28408430818
11.320 2.28358733758
11.325 2.28309071002
11.330 2.28259442512
11.335 2.2820984825
11.340 2.2816028818
11.345 2.28110762263
11.350 2.28061270465
11.355 2.28011812746
11.360 2.2796238907
11.365 2.27912999401
11.370 2.27863643701
11.375 2.27814321934
11.380 2.27765034063
11.385 2.27715780051
11.390 2.27666559862
11.395 2.27617373459
11.400 2.27568220805
11.405 2.27519101864
11.410 2.274700166
11.415 2.27420964977
11.420 2.27371946957
11.425 2.27322962505
11.430 2.27274011585
11.435 2.2722509416
11.440 2.27176210195
11.445 2.27127359654
11.450 2.27078542499
11.455 2.27029758697
11.460 2.2698100821
11.465 2.26932291003
11.470 2.2688360704
11.475 2.26834956286
11.480 2.26786338705
11.485 2.26737754261
11.490 2.26689202919
11.495 2.26640684643
11.500 2.26592199398
11.505 2.26543747149
11.510 2.2649532786
11.515 2.26446941496
11.520 2.26398588022
11.525 2.26350267402
11.530 2.26301979602
11.535 2.26253724587
11.540 2.26205502321
11.545 2.2615731277
11.550 2.26109155899
11.555 2.26061031673
11.560 2.26012940056
11.565 2.25964881016
11.570 2.25916854516
11.575 2.25868860522
11.580 2.25820899
11.585 2.25772969915
11.590 2.25725073232
11.595 2.25677208918
11.600 2.25629376938
11.605 2.25581577257
11.610 2.25533809842
11.615 2.25486074658
11.620 2.25438371671
11.625 2.25390700846
11.630 2.25343062151
11.635 2.2529545555
11.640 2.25247881011
11.645 2.25200338498
11.650 2.25152827979
11.655 2.25105349419
11.660 2.25057902784
11.665 2.25010488042
11.670 2.24963105158
11.675 2.24915754099
11.680 2.24868434831
11.685 2.2482114732
11.690 2.24773891534
11.695 2.24726667439
11.700 2.24679475002
11.705 2.24632314189
11.710 2.24585184967
11.715 2.24538087302
11.720 2.24491021163
11.725 2.24443986515
11.730 2.24396983326
11.735 2.24350011562
11.740 2.24303071191
11.745 2.2425616218
11.750 2.24209284496
11.755 2.24162438106
11.760 2.24115622977
11.765 2.24068839077
11.770 2.24022086373
11.775 2.23975364833
11.780 2.23928674424
11.785 2.23882015113
11.790 2.23835386868
11.795 2.23788789656
11.800 2.23742223446
11.805 2.23695688205
11.810 2.236491839
11.815 2.236027105
11.820 2.23556267972
11.825 2.23509856284
11.830 2.23463475404
11.835 2.23417125301
11.840 2.23370805941
11.845 2.23324517294
11.850 2.23278259327
11.855 2.23232032008
11.860 2.23185835306
11.865 2.23139669189
11.870 2.23093533625
11.875 2.23047428583
11.880 2.23001354031
11.885 2.22955309937
11.890 2.2290929627
11.895 2.22863312999
11.900 2.22817360091
11.905 2.22771437517
11.910 2.22725545243
11.915 2.2267968324
11.920 2.22633851476
11.925 2.22588049919
11.930 2.22542278539
11.935 2.22496537304
11.940 2.22450826184
11.945 2.22405145147
11.950 2.22359494163
11.955 2.223138732
11.960 2.22268282228
11.965 2.22222721215
11.970 2.22177190132
11.975 2.22131688947
11.980 2.2208621763
11.985 2.2204077615
11.990 2.21995364476
11.995 2.21949982578
12.000 2.21904630425
12.005 2.21859307988
12.010 2.21814015235
12.015 2.21768752136
12.020 2.2172351866
12.025 2.21678314779
12.030 2.2163314046
12.035 2.21587995675
12.040 2.21542880393
12.045 2.21497794583
12.050 2.21452738216
12.055 2.21407711262
12.060 2.21362713691
12.065 2.21317745472
12.070 2.21272806577
12.075 2.21227896974
12.080 2.21183016635
12.085 2.21138165529
12.090 2.21093343627
12.095 2.21048550899
12.100 2.21003787316
12.105 2.20959052848
12.110 2.20914347465
12.115 2.20869671137
12.120 2.20825023837
12.125 2.20780405533
12.130 2.20735816197
12.135 2.20691255799
12.140 2.2064672431
12.145 2.20602221701
12.150 2.20557747942
12.155 2.20513303005
12.160 2.2046888686
12.165 2.20424499478
12.170 2.2038014083
12.175 2.20335810887
12.180 2.20291509621
12.185 2.20247237001
12.190 2.20202993001
12.195 2.20158777589
12.200 2.20114590739
12.205 2.2007043242
12.210 2.20026302605
12.215 2.19982201264
12.220 2.1993812837
12.225 2.19894083893
12.230 2.19850067804
12.235 2.19806080077
12.240 2.19762120681
12.245 2.19718189588
12.250 2.19674286771
12.255 2.19630412201
12.260 2.19586565849
12.265 2.19542747687
12.270 2.19498957687
12.275 2.19455195821
12.280 2.19411462061
12.285 2.19367756379
12.290 2.19324078746
12.295 2.19280429134
12.300 2.19236807516
12.305 2.19193213864
12.310 2.19149648149
12.315 2.19106110345
12.320 2.19062600422
12.325 2.19019118354
12.330 2.18975664112
12.335 2.18932237669
12.340 2.18888838997
12.345 2.18845468069
12.350 2.18802124856
12.355 2.18758809332
12.360 2.18715521469
12.365 2.1867226124
12.370 2.18629028616
12.375 2.18585823571
12.380 2.18542646077
12.385 2.18499496108
12.390 2.18456373635
12.395 2.18413278631
12.400 2.1837021107
12.405 2.18327170924
12.410 2.18284158166
12.415 2.18241172769
12.420 2.18198214706
12.425 2.18155283949
12.430 2.18112380473
12.435 2.18069504249
12.440 2.18026655252
12.445 2.17983833454
12.450 2.17941038828
12.455 2.17898271348
12.460 2.17855530987
12.465 2.17812817718
12.470 2.17770131514
12.475 2.1772747235
12.480 2.17684840198
12.485 2.17642235032
12.490 2.17599656824
12.495 2.1755710555
12.500 2.17514581182
12.505 2.17472083694
12.510 2.1742961306
12.515 2.17387169253
12.520 2.17344752247
12.525 2.17302362015
12.530 2.17259998532
12.535 2.17217661772
12.540 2.17175351707
12.545 2.17133068313
12.550 2.17090811563
12.555 2.1704858143
12.560 2.1700637789
12.565 2.16964200915
12.570 2.16922050481
12.575 2.16879926561
12.580 2.16837829129
12.585 2.16795758159
12.590 2.16753713626
12.595 2.16711695505
12.600 2.16669703768
12.605 2.16627738391
12.610 2.16585799348
12.615 2.16543886613
12.620 2.16502000161
12.625 2.16460139967
12.630 2.16418306004
12.635 2.16376498247
12.640 2.16334716671
12.645 2.16292961251
12.650 2.1625123196
12.655 2.16209528775
12.660 2.16167851668
12.665 2.16126200617
12.670 2.16084575594
12.675 2.16042976575
12.680 2.16001403534
12.685 2.15959856448
12.690 2.15918335289
12.695 2.15876840034
12.700 2.15835370658
12.705 2.15793927135
12.710 2.15752509441
12.715 2.1571111755
12.720 2.15669751438
12.725 2.15628411079
12.730 2.1558709645
12.735 2.15545807526
12.740 2.15504544281
12.745 2.1546330669
12.750 2.1542209473
12.755 2.15380908376
12.760 2.15339747602
12.765 2.15298612385
12.770 2.152575027
12.775 2.15216418523
12.780 2.15175359828
12.785 2.15134326592
12.790 2.1509331879
12.795 2.15052336397
12.800 2.1501137939
12.805 2.14970447745
12.810 2.14929541436
12.815 2.14888660439
12.820 2.14847804731
12.825 2.14806974288
12.830 2.14766169084
12.835 2.14725389097
12.840 2.14684634301
12.845 2.14643904673
12.850 2.1460320019
12.855 2.14562520826
12.860 2.14521866558
12.865 2.14481237363
12.870 2.14440633215
12.875 2.14400054092
12.880 2.1435949997
12.885 2.14318970824
12.890 2.14278466632
12.895 2.14237987369
12.900 2.14197533012
12.905 2.14157103536
12.910 2.1411669892
12.915 2.14076319138
12.920 2.14035964167
12.925 2.13995633984
12.930 2.13955328566
12.935 2.13915047888
12.940 2.13874791928
12.945 2.13834560662
12.950 2.13794354067
12.955 2.13754172119
12.960 2.13714014795
12.965 2.13673882072
12.970 2.13633773926
12.975 2.13593690335
12.980 2.13553631275
12.985 2.13513596723
12.990 2.13473586656
12.995 2.13433601051
13.000 2.13393639885
13.005 2.13353703135
13.010 2.13313790778
13.015 2.1327390279
13.020 2.1323403915
13.025 2.13194199833
13.030 2.13154384818
13.035 2.13114594082
13.040 2.13074827601
13.045 2.13035085352
13.050 2.12995367314
13.055 2.12955673464
13.060 2.12916003778
13.065 2.12876358234
13.070 2.12836736809
13.075 2.12797139482
13.080 2.12757566229
13.085 2.12718017027
13.090 2.12678491855
13.095 2.1263899069
13.100 2.12599513509
13.105 2.12560060291
13.110 2.12520631012
13.115 2.1248122565
13.120 2.12441844183
13.125 2.12402486589
13.130 2.12363152845
13.135 2.1232384293
13.140 2.12284556821
13.145 2.12245294495
13.150 2.12206055932
13.155 2.12166841107
13.160 2.12127650001
13.165 2.1208848259
13.170 2.12049338852
13.175 2.12010218766
13.180 2.1197112231
13.185 2.11932049461
13.190 2.11893000198
13.195 2.11853974498
13.200 2.11814972341
13.205 2.11775993704
13.210 2.11737038565
13.215 2.11698106903
13.220 2.11659198696
13.225 2.11620313921
13.230 2.11581452559
13.235 2.11542614586
13.240 2.11503799982
13.245 2.11465008724
13.250 2.11426240792
13.255 2.11387496163
13.260 2.11348774816
13.265 2.1131007673
13.270 2.11271401884
13.275 2.11232750254
13.280 2.11194121822
13.285 2.11155516564
13.290 2.1111693446
13.295 2.11078375489
13.300 2.11039839629
13.305 2.11001326858
13.310 2.10962837157
13.315 2.10924370502
13.320 2.10885926874
13.325 2.10847506252
13.330 2.10809108613
13.335 2.10770733938
13.340 2.10732382204
13.345 2.10694053392
13.350 2.10655747479
13.355 2.10617464445
13.360 2.1057920427
13.365 2.10540966931
13.370 2.10502752409
13.375 2.10464560682
13.380 2.1042639173
13.385 2.10388245532
13.390 2.10350122066
13.395 2.10312021313
13.400 2.10273943251
13.405 2.1023588786
13.410 2.1019785512
13.415 2.10159845008
13.420 2.10121857506
13.425 2.10083892592
13.430 2.10045950246
13.435 2.10008030447
13.440 2.09970133175
13.445 2.09932258409
13.450 2.09894406128
13.455 2.09856576313
13.460 2.09818768944
13.465 2.09780983998
13.470 2.09743221457
13.475 2.097054813
13.480 2.09667763506
13.485 2.09630068056
13.490 2.09592394929
13.495 2.09554744105
13.500 2.09517115564
13.505 2.09479509285
13.510 2.09441925248
13.515 2.09404363434
13.520 2.09366823822
13.525 2.09329306393
13.530 2.09291811125
13.535 2.09254338
13.540 2.09216886996
13.545 2.09179458095
13.550 2.09142051277
13.555 2.0910466652
13.560 2.09067303806
13.565 2.09029963115
13.570 2.08992644427
13.575 2.08955347721
13.580 2.08918072979
13.585 2.0888082018
13.590 2.08843589305
13.595 2.08806380335
13.600 2.08769193248
13.605 2.08732028027
13.610 2.0869488465
13.615 2.08657763099
13.620 2.08620663354
13.625 2.08583585395
13.630 2.08546529204
13.635 2.08509494759
13.640 2.08472482043
13.645 2.08435491035
13.650 2.08398521717
13.655 2.08361574067
13.660 2.08324648069
13.665 2.08287743701
13.670 2.08250860945
13.675 2.08213999781
13.680 2.0817716019
13.685 2.08140342153
13.690 2.08103545651
13.695 2.08066770664
13.700 2.08030017173
13.705 2.07993285159
13.710 2.07956574603
13.715 2.07919885487
13.720 2.07883217789
13.725 2.07846571493
13.730 2.07809946578
13.735 2.07773343026
13.740 2.07736760818
13.745 2.07700199935
13.750 2.07663660357
13.755 2.07627142066
13.760 2.07590645044
13.765 2.0755416927
13.770 2.07517714727
13.775 2.07481281396
13.780 2.07444869257
13.785 2.07408478292
13.790 2.07372108482
13.795 2.0733575981
13.800 2.07299432254
13.805 2.07263125798
13.810 2.07226840423
13.815 2.0719057611
13.820 2.07154332839
13.825 2.07118110594
13.830 2.07081909355
13.835 2.07045729103
13.840 2.07009569821
13.845 2.0697343149
13.850 2.0693731409
13.855 2.06901217605
13.860 2.06865142015
13.865 2.06829087302
13.870 2.06793053447
13.875 2.06757040433
13.880 2.06721048241
13.885 2.06685076853
13.890 2.0664912625
13.895 2.06613196414
13.900 2.06577287328
13.905 2.06541398972
13.910 2.06505531328
13.915 2.0646968438
13.920 2.06433858107
13.925 2.06398052493
13.930 2.06362267519
13.935 2.06326503166
13.940 2.06290759418
13.945 2.06255036256
13.950 2.06219333662
13.955 2.06183651618
13.960 2.06147990106
13.965 2.06112349108
13.970 2.06076728607
13.975 2.06041128584
13.980 2.06005549021
13.985 2.05969989901
13.990 2.05934451206
13.995 2.05898932918
14.000 2.05863435019
14.005 2.05827957492
14.010 2.05792500319
14.015 2.05757063481
14.020 2.05721646962
14.025 2.05686250744
14.030 2.0565087481
14.035 2.0561551914
14.040 2.05580183719
14.045 2.05544868528
14.050 2.05509573549
14.055 2.05474298767
14.060 2.05439044161
14.065 2.05403809716
14.070 2.05368595414
14.075 2.05333401238
14.080 2.05298227169
14.085 2.05263073191
14.090 2.05227939286
14.095 2.05192825437
14.100 2.05157731626
14.105 2.05122657837
14.110 2.05087604052
14.115 2.05052570253
14.120 2.05017556423
14.125 2.04982562546
14.130 2.04947588604
14.135 2.04912634579
14.140 2.04877700456
14.145 2.04842786215
14.150 2.04807891841
14.155 2.04773017317
14.160 2.04738162624
14.165 2.04703327747
14.170 2.04668512668
14.175 2.04633717369
14.180 2.04598941835
14.185 2.04564186048
14.190 2.04529449992
14.195 2.04494733648
14.200 2.04460037001
14.205 2.04425360034
14.210 2.04390702729
14.215 2.04356065069
14.220 2.04321447039
14.225 2.04286848621
14.230 2.04252269798
14.235 2.04217710553
14.240 2.04183170871
14.245 2.04148650734
14.250 2.04114150125
14.255 2.04079669027
14.260 2.04045207425
14.265 2.04010765301
14.270 2.0397634264
14.275 2.03941939423
14.280 2.03907555635
14.285 2.03873191259
14.290 2.03838846279
14.295 2.03804520677
14.300 2.03770214438
14.305 2.03735927546
14.310 2.03701659982
14.315 2.03667411732
14.320 2.03633182779
14.325 2.03598973106
14.330 2.03564782697
14.335 2.03530611536
14.340 2.03496459606
14.345 2.03462326891
14.350 2.03428213375
14.355 2.03394119041
14.360 2.03360043873
14.365 2.03325987855
14.370 2.03291950971
14.375 2.03257933204
14.380 2.03223934539
14.385 2.03189954959
14.390 2.03155994447
14.395 2.03122052989
14.400 2.03088130568
14.405 2.03054227167
14.410 2.03020342771
14.415 2.02986477363
14.420 2.02952630929
14.425 2.0291880345
14.430 2.02884994913
14.435 2.028512053
14.440 2.02817434596
14.445 2.02783682784
14.450 2.0274994985
14.455 2.02716235776
14.460 2.02682540548
14.465 2.02648864149
14.470 2.02615206564
14.475 2.02581567776
14.480 2.0254794777
14.485 2.0251434653
14.490 2.02480764041
14.495 2.02447200286
14.500 2.0241365525
14.505 2.02380128918
14.510 2.02346621272
14.515 2.02313132299
14.520 2.02279661982
14.525 2.02246210306
14.530 2.02212777255
14.535 2.02179362813
14.540 2.02145966966
14.545 2.02112589696
14.550 2.0207923099
14.555 2.0204589083
14.560 2.02012569203
14.565 2.01979266092
14.570 2.01945981482
14.575 2.01912715358
14.580 2.01879467703
14.585 2.01846238504
14.590 2.01813027743
14.595 2.01779835407
14.600 2.01746661479
14.605 2.01713505945
14.610 2.01680368789
14.615 2.01647249995
14.620 2.01614149549
14.625 2.01581067435
14.630 2.01548003638
14.635 2.01514958143
14.640 2.01481930935
14.645 2.01448921998
14.650 2.01415931317
14.655 2.01382958878
14.660 2.01350004664
14.665 2.01317068662
14.670 2.01284150855
14.675 2.01251251229
14.680 2.01218369769
14.685 2.01185506459
14.690 2.01152661286
14.695 2.01119834232
14.700 2.01087025285
14.705 2.01054234429
14.710 2.01021461648
14.715 2.00988706928
14.720 2.00955970254
14.725 2.00923251612
14.730 2.00890550985
14.735 2.0085786836
14.740 2.00825203722
14.745 2.00792557055
14.750 2.00759928346
14.755 2.00727317578
14.760 2.00694724738
14.765 2.00662149811
14.770 2.00629592782
14.775 2.00597053636
14.780 2.00564532358
14.785 2.00532028935
14.790 2.0049954335
14.795 2.0046707559
14.800 2.00434625641
14.805 2.00402193486
14.810 2.00369779113
14.815 2.00337382505
14.820 2.00305003649
14.825 2.00272642531
14.830 2.00240299135
14.835 2.00207973447
14.840 2.00175665453
14.845 2.00143375137
14.850 2.00111102487
14.855 2.00078847487
14.860 2.00046610122
14.865 2.0001439038
14.870 1.99982188244
14.875 1.99950003701
14.880 1.99917836736
14.885 1.99885687335
14.890 1.99853555485
14.895 1.99821441169
14.900 1.99789344375
14.905 1.99757265087
14.910 1.99725203292
14.915 1.99693158976
14.920 1.99661132124
14.925 1.99629122722
14.930 1.99597130755
14.935 1.9956515621
14.940 1.99533199073
14.945 1.99501259329
14.950 1.99469336965
14.955 1.99437431965
14.960 1.99405544317
14.965 1.99373674006
14.970 1.99341821017
14.975 1.99309985338
14.980 1.99278166953
14.985 1.9924636585
14.990 1.99214582013
14.995 1.9918281543
15.000 1.99151066085
15.005 1.99118573984
15.010 1.99086099369
15.015 1.99053642224
15.020 1.99021202536
15.025 1.98988780292
15.030 1.98956375476
15.035 1.98923988075
15.040 1.98891618074
15.045 1.98859265461
15.050 1.9882693022
15.055 1.98794612338
15.060 1.987623118
15.065 1.98730028594
15.070 1.98697762704
15.075 1.98665514118
15.080 1.9863328282
15.085 1.98601068798
15.090 1.98568872037
15.095 1.98536692523
15.100 1.98504530244
15.105 1.98472385184
15.110 1.9844025733
15.115 1.98408146668
15.120 1.98376053184
15.125 1.98343976866
15.130 1.98311917698
15.135 1.98279875668
15.140 1.98247850761
15.145 1.98215842964
15.150 1.98183852263
15.155 1.98151878645
15.160 1.98119922095
15.165 1.98087982601
15.170 1.98056060148
15.175 1.98024154723
15.180 1.97992266313
15.185 1.97960394903
15.190 1.97928540481
15.195 1.97896703033
15.200 1.97864882545
15.205 1.97833079003
15.210 1.97801292395
15.215 1.97769522707
15.220 1.97737769925
15.225 1.97706034036
15.230 1.97674315026
15.235 1.97642612882
15.240 1.97610927591
15.245 1.9757925914
15.250 1.97547607514
15.255 1.97515972701
15.260 1.97484354687
15.265 1.97452753458
15.270 1.97421169003
15.275 1.97389601306
15.280 1.97358050356
15.285 1.97326516139
15.290 1.97294998641
15.295 1.97263497849
15.300 1.97232013751
15.305 1.97200546332
15.310 1.9716909558
15.315 1.97137661482
15.320 1.97106244024
15.325 1.97074843193
15.330 1.97043458976
15.335 1.97012091361
15.340 1.96980740333
15.345 1.9694940588
15.350 1.96918087989
15.355 1.96886786647
15.360 1.9685550184
15.365 1.96824233556
15.370 1.96792981782
15.375 1.96761746505
15.380 1.96730527711
15.385 1.96699325388
15.390 1.96668139523
15.395 1.96636970103
15.400 1.96605817114
15.405 1.96574680545
15.410 1.96543560382
15.415 1.96512456612
15.420 1.96481369223
15.425 1.96450298202
15.430 1.96419243535
15.435 1.9638820521
15.440 1.96357183215
15.445 1.96326177536
15.450 1.9629518816
15.455 1.96264215076
15.460 1.9623325827
15.465 1.96202317729
15.470 1.9617139344
15.475 1.96140485392
15.480 1.96109593572
15.485 1.96078717965
15.490 1.96047858561
15.495 1.96017015347
15.500 1.95986188309
15.505 1.95955377435
15.510 1.95924582713
15.515 1.9589380413
15.520 1.95863041673
15.525 1.9583229533
15.530 1.95801565088
15.535 1.95770850935
15.540 1.95740152859
15.545 1.95709470846
15.550 1.95678804885
15.555 1.95648154962
15.560 1.95617521066
15.565 1.95586903184
15.570 1.95556301303
15.575 1.95525715411
15.580 1.95495145497
15.585 1.95464591546
15.590 1.95434053548
15.595 1.95403531489
15.600 1.95373025357
15.605 1.9534253514
15.610 1.95312060826
15.615 1.95281602402
15.620 1.95251159856
15.625 1.95220733176
15.630 1.9519032235
15.635 1.95159927365
15.640 1.95129548209
15.645 1.95099184869
15.650 1.95068837334
15.655 1.95038505592
15.660 1.9500818963
15.665 1.94977889436
15.670 1.94947604998
15.675 1.94917336303
15.680 1.94887083341
15.685 1.94856846097
15.690 1.94826624562
15.695 1.94796418722
15.700 1.94766228565
15.705 1.94736054079
15.710 1.94705895252
15.715 1.94675752073
15.720 1.94645624529
15.725 1.94615512608
15.730 1.94585416298
15.735 1.94555335588
15.740 1.94525270465
15.745 1.94495220917
15.750 1.94465186932
15.755 1.94435168499
15.760 1.94405165605
15.765 1.94375178239
15.770 1.94345206389
15.775 1.94315250043
15.780 1.94285309188
15.785 1.94255383814
15.790 1.94225473909
15.795 1.9419557946
15.800 1.94165700455
15.805 1.94135836884
15.810 1.94105988734
15.815 1.94076155993
15.820 1.9404633865
15.825 1.94016536693
15.830 1.9398675011
15.835 1.93956978889
15.840 1.9392722302
15.845 1.93897482489
15.850 1.93867757286
15.855 1.93838047399
15.860 1.93808352816
15.865 1.93778673526
15.870 1.93749009516
15.875 1.93719360776
15.880 1.93689727293
15.885 1.93660109056
15.890 1.93630506054
15.895 1.93600918275
15.900 1.93571345708
15.905 1.9354178834
15.910 1.93512246161
15.915 1.93482719158
15.920 1.93453207321
15.925 1.93423710638
15.930 1.93394229098
15.935 1.93364762688
15.940 1.93335311398
15.945 1.93305875216
15.950 1.93276454131
15.955 1.93247048131
15.960 1.93217657205
15.965 1.93188281342
15.970 1.93158920529
15.975 1.93129574757
15.980 1.93100244013
15.985 1.93070928286
15.990 1.93041627565
15.995 1.93012341839
16.000 1.92983071095
16.005 1.92953815324
16.010 1.92924574513
16.015 1.92895348652
16.020 1.92866137729
16.025 1.92836941733
16.030 1.92807760653
16.035 1.92778594477
16.040 1.92749443195
16.045 1.92720306794
16.050 1.92691185265
16.055 1.92662078596
16.060 1.92632986775
16.065 1.92603909792
16.070 1.92574847635
16.075 1.92545800293
16.080 1.92516767756
16.085 1.92487750012
16.090 1.9245874705
16.095 1.92429758859
16.100 1.92400785428
16.105 1.92371826746
16.110 1.92342882802
16.115 1.92313953585
16.120 1.92285039083
16.125 1.92256139287
16.130 1.92227254184
16.135 1.92198383765
16.140 1.92169528017
16.145 1.92140686931
16.150 1.92111860495
16.155 1.92083048698
16.160 1.92054251529
16.165 1.92025468978
16.170 1.91996701033
16.175 1.91967947684
16.180 1.9193920892
16.185 1.9191048473
16.190 1.91881775103
16.195 1.91853080028
16.200 1.91824399495
16.205 1.91795733493
16.210 1.91767082011
16.215 1.91738445037
16.220 1.91709822563
16.225 1.91681214575
16.230 1.91652621065
16.235 1.91624042021
16.240 1.91595477433
16.245 1.91566927289
16.250 1.91538391579
16.255 1.91509870293
16.260 1.91481363419
16.265 1.91452870948
16.270 1.91424392868
16.275 1.91395929168
16.280 1.91367479839
16.285 1.9133904487
16.290 1.91310624249
16.295 1.91282217967
16.300 1.91253826012
16.305 1.91225448375
16.310 1.91197085044
16.315 1.9116873601
16.320 1.91140401261
16.325 1.91112080787
16.330 1.91083774578
16.335 1.91055482623
16.340 1.91027204911
16.345 1.90998941432
16.350 1.90970692176
16.355 1.90942457133
16.360 1.9091423629
16.365 1.9088602964
16.370 1.9085783717
16.375 1.9082965887
16.380 1.90801494731
16.385 1.90773344741
16.390 1.90745208891
16.395 1.9071708717
16.400 1.90688979567
16.405 1.90660886072
16.410 1.90632806675
16.415 1.90604741366
16.420 1.90576690135
16.425 1.9054865297
16.430 1.90520629862
16.435 1.904926208
16.440 1.90464625775
16.445 1.90436644775
16.450 1.90408677791
16.455 1.90380724813
16.460 1.90352785829
16.465 1.90324860831
16.470 1.90296949808
16.475 1.90269052749
16.480 1.90241169644
16.485 1.90213300484
16.490 1.90185445258
16.495 1.90157603956
16.500 1.90129776568
16.505 1.90101963083
16.510 1.90074163492
16.515 1.90046377785
16.520 1.90018605951
16.525 1.8999084798
16.530 1.89963103863
16.535 1.89935373589
16.540 1.89907657148
16.545 1.8987995453
16.550 1.89852265725
16.555 1.89824590723
16.560 1.89796929514
16.565 1.89769282089
16.570 1.89741648436
16.575 1.89714028547
16.580 1.8968642241
16.585 1.89658830017
16.590 1.89631251357
16.595 1.89603686421
16.600 1.89576135198
16.605 1.89548597678
16.610 1.89521073852
16.615 1.8949356371
16.620 1.89466067241
16.625 1.89438584436
16.630 1.89411115286
16.635 1.8938365978
16.640 1.89356217908
16.645 1.89328789661
16.650 1.89301375028
16.655 1.89273974001
16.660 1.89246586568
16.665 1.89219212721
16.670 1.8919185245
16.675 1.89164505744
16.680 1.89137172595
16.685 1.89109852992
16.690 1.89082546925
16.695 1.89055254386
16.700 1.89027975363
16.705 1.89000709848
16.710 1.88973457831
16.715 1.88946219302
16.720 1.88918994251
16.725 1.88891782669
16.730 1.88864584546
16.735 1.88837399873
16.740 1.88810228639
16.745 1.88783070836
16.750 1.88755926453
16.755 1.88728795481
16.760 1.88701677911
16.765 1.88674573732
16.770 1.88647482936
16.775 1.88620405512
16.780 1.88593341451
16.785 1.88566290744
16.790 1.88539253381
16.795 1.88512229353
16.800 1.8848521865
16.805 1.88458221262
16.810 1.8843123718
16.815 1.88404266395
16.820 1.88377308897
16.825 1.88350364676
16.830 1.88323433724
16.835 1.8829651603
16.840 1.88269611586
16.845 1.88242720381
16.850 1.88215842407
16.855 1.88188977654
16.860 1.88162126113
16.865 1.88135287773
16.870 1.88108462627
16.875 1.88081650665
16.880 1.88054851876
16.885 1.88028066253
16.890 1.88001293784
16.895 1.87974534462
16.900 1.87947788277
16.905 1.8792105522
16.910 1.87894335281
16.915 1.8786762845
16.920 1.8784093472
16.925 1.87814254079
16.930 1.8778758652
16.935 1.87760932033
16.940 1.87734290609
16.945 1.87707662238
16.950 1.87681046912
16.955 1.8765444462
16.960 1.87627855354
16.965 1.87601279105
16.970 1.87574715863
16.975 1.8754816562
16.980 1.87521628366
16.985 1.87495104091
16.990 1.87468592788
16.995 1.87442094446
17.000 1.87415609057
17.005 1.87389136612
17.010 1.873626771
17.015 1.87336230514
17.020 1.87309796844
17.025 1.87283376082
17.030 1.87256968217
17.035 1.87230573241
17.040 1.87204191145
17.045 1.8717782192
17.050 1.87151465557
17.055 1.87125122047
17.060 1.87098791381
17.065 1.87072473549
17.070 1.87046168544
17.075 1.87019876355
17.080 1.86993596974
17.085 1.86967330392
17.090 1.869410766
17.095 1.86914835589
17.100 1.8688860735
17.105 1.86862391874
17.110 1.86836189152
17.115 1.86809999176
17.120 1.86783821936
17.125 1.86757657424
17.130 1.8673150563
17.135 1.86705366546
17.140 1.86679240163
17.145 1.86653126472
17.150 1.86627025465
17.155 1.86600937131
17.160 1.86574861464
17.165 1.86548798452
17.170 1.86522748089
17.175 1.86496710365
17.180 1.86470685272
17.185 1.86444672799
17.190 1.8641867294
17.195 1.86392685685
17.200 1.86366711025
17.205 1.86340748951
17.210 1.86314799455
17.215 1.86288862528
17.220 1.86262938162
17.225 1.86237026347
17.230 1.86211127075
17.235 1.86185240337
17.240 1.86159366125
17.245 1.8613350443
17.250 1.86107655243
17.255 1.86081818555
17.260 1.86055994358
17.265 1.86030182644
17.270 1.86004383403
17.275 1.85978596627
17.280 1.85952822307
17.285 1.85927060436
17.290 1.85901311003
17.295 1.85875574001
17.300 1.85849849421
17.305 1.85824137255
17.310 1.85798437493
17.315 1.85772750128
17.320 1.8574707515
17.325 1.85721412552
17.330 1.85695762325
17.335 1.85670124459
17.340 1.85644498948
17.345 1.85618885781
17.350 1.85593284952
17.355 1.8556769645
17.360 1.85542120268
17.365 1.85516556398
17.370 1.8549100483
17.375 1.85465465557
17.380 1.8543993857
17.385 1.8541442386
17.390 1.85388921419
17.395 1.85363431239
17.400 1.85337953312
17.405 1.85312487628
17.410 1.85287034179
17.415 1.85261592958
17.420 1.85236163955
17.425 1.85210747163
17.430 1.85185342573
17.435 1.85159950176
17.440 1.85134569965
17.445 1.85109201931
17.450 1.85083846065
17.455 1.8505850236
17.460 1.85033170807
17.465 1.85007851398
17.470 1.84982544124
17.475 1.84957248977
17.480 1.84931965949
17.485 1.84906695032
17.490 1.84881436218
17.495 1.84856189497
17.500 1.84830954862
17.505 1.84805732305
17.510 1.84780521818
17.515 1.84755323392
17.520 1.84730137019
17.525 1.8470496269
17.530 1.84679800399
17.535 1.84654650136
17.540 1.84629511893
17.545 1.84604385662
17.550 1.84579271436
17.555 1.84554169205
17.560 1.84529078962
17.565 1.84504000698
17.570 1.84478934406
17.575 1.84453880077
17.580 1.84428837704
17.585 1.84403807278
17.590 1.84378788791
17.595 1.84353782234
17.600 1.84328787601
17.605 1.84303804882
17.610 1.84278834071
17.615 1.84253875158
17.620 1.84228928135
17.625 1.84203992995
17.630 1.8417906973
17.635 1.84154158332
17.640 1.84129258792
17.645 1.84104371103
17.650 1.84079495256
17.655 1.84054631244
17.660 1.84029779059
17.665 1.84004938692
17.670 1.83980110136
17.675 1.83955293382
17.680 1.83930488424
17.685 1.83905695252
17.690 1.8388091386
17.695 1.83856144238
17.700 1.83831386379
17.705 1.83806640276
17.710 1.8378190592
17.715 1.83757183303
17.720 1.83732472418
17.725 1.83707773257
17.730 1.83683085811
17.735 1.83658410074
17.740 1.83633746036
17.745 1.83609093691
17.750 1.83584453029
17.755 1.83559824045
17.760 1.83535206729
17.765 1.83510601075
17.770 1.83486007073
17.775 1.83461424717
17.780 1.83436853998
17.785 1.83412294909
17.790 1.83387747442
17.795 1.83363211589
17.800 1.83338687343
17.805 1.83314174695
17.810 1.83289673639
17.815 1.83265184165
17.820 1.83240706268
17.825 1.83216239938
17.830 1.83191785168
17.835 1.8316734195
17.840 1.83142910277
17.845 1.83118490141
17.850 1.83094081535
17.855 1.8306968445
17.860 1.83045298879
17.865 1.83020924814
17.870 1.82996562248
17.875 1.82972211173
17.880 1.82947871581
17.885 1.82923543465
17.890 1.82899226817
17.895 1.8287492163
17.900 1.82850627896
17.905 1.82826345607
17.910 1.82802074755
17.915 1.82777815334
17.920 1.82753567335
17.925 1.82729330752
17.930 1.82705105575
17.935 1.82680891799
17.940 1.82656689415
17.945 1.82632498416
17.950 1.82608318794
17.955 1.82584150541
17.960 1.82559993651
17.965 1.82535848116
17.970 1.82511713928
17.975 1.82487591079
17.980 1.82463479563
17.985 1.82439379372
17.990 1.82415290497
17.995 1.82391212933
18.000 1.82367146671
18.005 1.82343091704
18.010 1.82319048024
18.015 1.82295015624
18.020 1.82270994497
18.025 1.82246984635
18.030 1.82222986031
18.035 1.82198998677
18.040 1.82175022566
18.045 1.8215105769
18.050 1.82127104043
18.055 1.82103161616
18.060 1.82079230403
18.065 1.82055310396
18.070 1.82031401588
18.075 1.82007503971
18.080 1.81983617538
18.085 1.81959742282
18.090 1.81935878195
18.095 1.8191202527
18.100 1.81888183499
18.105 1.81864352876
18.110 1.81840533394
18.115 1.81816725044
18.120 1.81792927819
18.125 1.81769141713
18.130 1.81745366718
18.135 1.81721602826
18.140 1.81697850031
18.145 1.81674108325
18.150 1.81650377701
18.155 1.81626658152
18.160 1.8160294967
18.165 1.81579252249
18.170 1.8155556588
18.175 1.81531890558
18.180 1.81508226274
18.185 1.81484573021
18.190 1.81460930793
18.195 1.81437299582
18.200 1.81413679381
18.205 1.81390070183
18.210 1.8136647198
18.215 1.81342884765
18.220 1.81319308532
18.225 1.81295743273
18.230 1.81272188981
18.235 1.81248645649
18.240 1.8122511327
18.245 1.81201591837
18.250 1.81178081342
18.255 1.81154581778
18.260 1.81131093139
18.265 1.81107615417
18.270 1.81084148606
18.275 1.81060692697
18.280 1.81037247685
18.285 1.81013813562
18.290 1.8099039032
18.295 1.80966977954
18.300 1.80943576456
18.305 1.80920185818
18.310 1.80896806035
18.315 1.80873437098
18.320 1.80850079001
18.325 1.80826731737
18.330 1.80803395298
18.335 1.80780069679
18.340 1.80756754871
18.345 1.80733450869
18.350 1.80710157664
18.355 1.8068687525
18.360 1.80663603621
18.365 1.80640342768
18.370 1.80617092686
18.375 1.80593853366
18.380 1.80570624803
18.385 1.8054740699
18.390 1.80524199918
18.395 1.80501003583
18.400 1.80477817976
18.405 1.8045464309
18.410 1.8043147892
18.415 1.80408325458
18.420 1.80385182696
18.425 1.80362050629
18.430 1.80338929249
18.435 1.8031581855
18.440 1.80292718524
18.445 1.80269629165
18.450 1.80246550467
18.455 1.80223482421
18.460 1.80200425022
18.465 1.80177378262
18.470 1.80154342135
18.475 1.80131316634
18.480 1.80108301752
18.485 1.80085297482
18.490 1.80062303818
18.495 1.80039320752
18.500 1.80016348279
18.505 1.79993386391
18.510 1.79970435081
18.515 1.79947494343
18.520 1.7992456417
18.525 1.79901644555
18.530 1.79878735492
18.535 1.79855836974
18.540 1.79832948993
18.545 1.79810071544
18.550 1.7978720462
18.555 1.79764348214
18.560 1.79741502318
18.565 1.79718666928
18.570 1.79695842035
18.575 1.79673027634
18.580 1.79650223717
18.585 1.79627430278
18.590 1.7960464731
18.595 1.79581874807
18.600 1.79559112762
18.605 1.79536361168
18.610 1.79513620019
18.615 1.79490889308
18.620 1.79468169028
18.625 1.79445459173
18.630 1.79422759737
18.635 1.79400070712
18.640 1.79377392092
18.645 1.79354723871
18.650 1.79332066041
18.655 1.79309418597
18.660 1.79286781531
18.665 1.79264154838
18.670 1.7924153851
18.675 1.79218932542
18.680 1.79196336926
18.685 1.79173751656
18.690 1.79151176725
18.695 1.79128612128
18.700 1.79106057856
18.705 1.79083513905
18.710 1.79060980267
18.715 1.79038456936
18.720 1.79015943906
18.725 1.78993441169
18.730 1.7897094872
18.735 1.78948466552
18.740 1.78925994659
18.745 1.78903533033
18.750 1.78881081669
18.755 1.78858640561
18.760 1.78836209701
18.765 1.78813789083
18.770 1.78791378701
18.775 1.78768978548
18.780 1.78746588619
18.785 1.78724208906
18.790 1.78701839403
18.795 1.78679480104
18.800 1.78657131003
18.805 1.78634792092
18.810 1.78612463366
18.815 1.78590144819
18.820 1.78567836443
18.825 1.78545538232
18.830 1.78523250181
18.835 1.78500972283
18.840 1.78478704531
18.845 1.78456446919
18.850 1.78434199441
18.855 1.7841196209
18.860 1.78389734861
18.865 1.78367517746
18.870 1.7834531074
18.875 1.78323113835
18.880 1.78300927027
18.885 1.78278750309
18.890 1.78256583673
18.895 1.78234427115
18.900 1.78212280627
18.905 1.78190144204
18.910 1.78168017839
18.915 1.78145901526
18.920 1.78123795259
18.925 1.78101699031
18.930 1.78079612837
18.935 1.78057536669
18.940 1.78035470522
18.945 1.7801341439
18.950 1.77991368266
18.955 1.77969332144
18.960 1.77947306018
18.965 1.77925289882
18.970 1.77903283729
18.975 1.77881287553
18.980 1.77859301349
18.985 1.77837325109
18.990 1.77815358829
18.995 1.77793402501
19.000 1.77771456119
19.005 1.77749519678
19.010 1.7772759317
19.015 1.77705676591
19.020 1.77683769934
19.025 1.77661873192
19.030 1.7763998636
19.035 1.77618109432
19.040 1.77596242401
19.045 1.77574385261
19.050 1.77552538006
19.055 1.77530700631
19.060 1.77508873128
19.065 1.77487055493
19.070 1.77465247718
19.075 1.77443449798
19.080 1.77421661726
19.085 1.77399883497
19.090 1.77378115105
19.095 1.77356356543
19.100 1.77334607806
19.105 1.77312868887
19.110 1.77291139781
19.115 1.7726942048
19.120 1.77247710981
19.125 1.77226011275
19.130 1.77204321358
19.135 1.77182641223
19.140 1.77160970864
19.145 1.77139310276
19.150 1.77117659452
19.155 1.77096018386
19.160 1.77074387073
19.165 1.77052765506
19.170 1.7703115368
19.175 1.77009551587
19.180 1.76987959224
19.185 1.76966376583
19.190 1.76944803658
19.195 1.76923240444
19.200 1.76901686935
19.205 1.76880143125
19.210 1.76858609007
19.215 1.76837084577
19.220 1.76815569827
19.225 1.76794064753
19.230 1.76772569348
19.235 1.76751083606
19.240 1.76729607521
19.245 1.76708141088
19.250 1.76686684301
19.255 1.76665237154
19.260 1.7664379964
19.265 1.76622371755
19.270 1.76600953491
19.275 1.76579544844
19.280 1.76558145808
19.285 1.76536756376
19.290 1.76515376543
19.295 1.76494006303
19.300 1.7647264565
19.305 1.76451294579
19.310 1.76429953083
19.315 1.76408621157
19.320 1.76387298794
19.325 1.7636598599
19.330 1.76344682738
19.335 1.76323389033
19.340 1.76302104868
19.345 1.76280830238
19.350 1.76259565138
19.355 1.76238309561
19.360 1.76217063501
19.365 1.76195826954
19.370 1.76174599912
19.375 1.76153382371
19.380 1.76132174325
19.385 1.76110975767
19.390 1.76089786693
19.395 1.76068607096
19.400 1.76047436971
19.405 1.76026276312
19.410 1.76005125114
19.415 1.7598398337
19.420 1.75962851074
19.425 1.75941728222
19.430 1.75920614808
19.435 1.75899510826
19.440 1.75878416269
19.445 1.75857331133
19.450 1.75836255412
19.455 1.758151891
19.460 1.75794132192
19.465 1.75773084681
19.470 1.75752046563
19.475 1.75731017831
19.480 1.75709998481
19.485 1.75688988505
19.490 1.75667987899
19.495 1.75646996657
19.500 1.75626014774
19.505 1.75605042243
19.510 1.7558407906
19.515 1.75563125218
19.520 1.75542180712
19.525 1.75521245537
19.530 1.75500319687
19.535 1.75479403155
19.540 1.75458495938
19.545 1.75437598028
19.550 1.75416709421
19.555 1.75395830111
19.560 1.75374960093
19.565 1.7535409936
19.570 1.75333247908
19.575 1.7531240573
19.580 1.75291572822
19.585 1.75270749177
19.590 1.75249934791
19.595 1.75229129657
19.600 1.75208333771
19.605 1.75187547126
19.610 1.75166769717
19.615 1.75146001539
19.620 1.75125242586
19.625 1.75104492853
19.630 1.75083752333
19.635 1.75063021023
19.640 1.75042298916
19.645 1.75021586006
19.650 1.75000882289
19.655 1.74980187758
19.660 1.74959502409
19.665 1.74938826236
19.670 1.74918159233
19.675 1.74897501396
19.680 1.74876852718
19.685 1.74856213194
19.690 1.74835582818
19.695 1.74814961586
19.700 1.74794349492
19.705 1.74773746531
19.710 1.74753152696
19.715 1.74732567983
19.720 1.74711992387
19.725 1.74691425901
19.730 1.74670868521
19.735 1.74650320241
19.740 1.74629781055
19.745 1.74609250959
19.750 1.74588729947
19.755 1.74568218014
19.760 1.74547715154
19.765 1.74527221362
19.770 1.74506736632
19.775 1.74486260959
19.780 1.74465794339
19.785 1.74445336765
19.790 1.74424888232
19.795 1.74404448735
19.800 1.74384018269
19.805 1.74363596828
19.810 1.74343184406
19.815 1.74322781
19.820 1.74302386603
19.825 1.7428200121
19.830 1.74261624815
19.835 1.74241257414
19.840 1.74220899002
19.845 1.74200549572
19.850 1.74180209119
19.855 1.7415987764
19.860 1.74139555127
19.865 1.74119241576
19.870 1.74098936982
19.875 1.74078641339
19.880 1.74058354642
19.885 1.74038076886
19.890 1.74017808066
19.895 1.73997548176
19.900 1.73977297211
19.905 1.73957055166
19.910 1.73936822036
19.915 1.73916597815
19.920 1.73896382499
19.925 1.73876176082
19.930 1.73855978558
19.935 1.73835789924
19.940 1.73815610173
19.945 1.737954393
19.950 1.73775277301
19.955 1.73755124169
19.960 1.737349799
19.965 1.73714844489
19.970 1.73694717931
19.975 1.7367460022
19.980 1.73654491351
19.985 1.73634391319
19.990 1.73614300119
19.995 1.73594217746
20.000 1.73574144194
20.005 1.73552784323
20.010 1.73531433649
20.015 1.73510092168
20.020 1.73488759873
20.025 1.73467436761
20.030 1.73446122824
20.035 1.73424818059
20.040 1.73403522459
20.045 1.7338223602
20.050 1.73360958735
20.055 1.733396906
20.060 1.7331843161
20.065 1.73297181758
20.070 1.7327594104
20.075 1.73254709451
20.080 1.73233486985
20.085 1.73212273637
20.090 1.73191069401
20.095 1.73169874272
20.100 1.73148688246
20.105 1.73127511316
20.110 1.73106343478
20.115 1.73085184726
20.120 1.73064035055
20.125 1.73042894459
20.130 1.73021762934
20.135 1.73000640475
20.140 1.72979527075
20.145 1.7295842273
20.150 1.72937327434
20.155 1.72916241183
20.160 1.72895163971
20.165 1.72874095793
20.170 1.72853036643
20.175 1.72831986517
20.180 1.72810945409
20.185 1.72789913314
20.190 1.72768890227
20.195 1.72747876143
20.200 1.72726871056
20.205 1.72705874961
20.210 1.72684887853
20.215 1.72663909728
20.220 1.72642940579
20.225 1.72621980402
20.230 1.72601029191
20.235 1.72580086942
20.240 1.72559153648
20.245 1.72538229306
20.250 1.7251731391
20.255 1.72496407454
20.260 1.72475509934
20.265 1.72454621345
20.270 1.72433741681
20.275 1.72412870937
20.280 1.72392009108
20.285 1.7237115619
20.290 1.72350312176
20.295 1.72329477062
20.300 1.72308650843
20.305 1.72287833514
20.310 1.72267025069
20.315 1.72246225504
20.320 1.72225434813
20.325 1.72204652991
20.330 1.72183880034
20.335 1.72163115936
20.340 1.72142360692
20.345 1.72121614297
20.350 1.72100876746
20.355 1.72080148035
20.360 1.72059428157
20.365 1.72038717108
20.370 1.72018014884
20.375 1.71997321478
20.380 1.71976636885
20.385 1.71955961102
20.390 1.71935294123
20.395 1.71914635942
20.400 1.71893986555
20.405 1.71873345957
20.410 1.71852714143
20.415 1.71832091108
20.420 1.71811476847
20.425 1.71790871354
20.430 1.71770274625
20.435 1.71749686655
20.440 1.71729107439
20.445 1.71708536972
20.450 1.7168797525
20.455 1.71667422266
20.460 1.71646878016
20.465 1.71626342495
20.470 1.71605815699
20.475 1.71585297621
20.480 1.71564788259
20.485 1.71544287605
20.490 1.71523795656
20.495 1.71503312406
20.500 1.71482837852
20.505 1.71462371986
20.510 1.71441914806
20.515 1.71421466306
20.520 1.7140102648
20.525 1.71380595325
20.530 1.71360172834
20.535 1.71339759004
20.540 1.7131935383
20.545 1.71298957306
20.550 1.71278569428
20.555 1.7125819019
20.560 1.71237819589
20.565 1.71217457618
20.570 1.71197104274
20.575 1.71176759551
20.580 1.71156423444
20.585 1.7113609595
20.590 1.71115777062
20.595 1.71095466775
20.600 1.71075165087
20.605 1.7105487199
20.610 1.71034587481
20.615 1.71014311554
20.620 1.70994044206
20.625 1.7097378543
20.630 1.70953535222
20.635 1.70933293578
20.640 1.70913060493
20.645 1.70892835961
20.650 1.70872619979
20.655 1.7085241254
20.660 1.70832213641
20.665 1.70812023277
20.670 1.70791841443
20.675 1.70771668133
20.680 1.70751503344
20.685 1.70731347071
20.690 1.70711199308
20.695 1.70691060052
20.700 1.70670929297
20.705 1.70650807038
20.710 1.70630693271
20.715 1.70610587991
20.720 1.70590491194
20.725 1.70570402874
20.730 1.70550323027
20.735 1.70530251649
20.740 1.70510188733
20.745 1.70490134277
20.750 1.70470088274
20.755 1.70450050721
20.760 1.70430021612
20.765 1.70410000943
20.770 1.7038998871
20.775 1.70369984907
20.780 1.7034998953
20.785 1.70330002573
20.790 1.70310024034
20.795 1.70290053906
20.800 1.70270092185
20.805 1.70250138867
20.810 1.70230193947
20.815 1.70210257419
20.820 1.7019032928
20.825 1.70170409525
20.830 1.7015049815
20.835 1.70130595148
20.840 1.70110700517
20.845 1.70090814251
20.850 1.70070936345
20.855 1.70051066796
20.860 1.70031205598
20.865 1.70011352746
20.870 1.69991508237
20.875 1.69971672065
20.880 1.69951844226
20.885 1.69932024716
20.890 1.69912213529
20.895 1.69892410661
20.900 1.69872616108
20.905 1.69852829865
20.910 1.69833051927
20.915 1.6981328229
20.920 1.6979352095
20.925 1.697737679
20.930 1.69754023138
20.935 1.69734286659
20.940 1.69714558457
20.945 1.69694838528
20.950 1.69675126869
20.955 1.69655423474
20.960 1.69635728338
20.965 1.69616041458
20.970 1.69596362828
20.975 1.69576692445
20.980 1.69557030303
20.985 1.69537376398
20.990 1.69517730726
20.995 1.69498093281
21.000 1.6947846406
21.005 1.69458843059
21.010 1.69439230271
21.015 1.69419625694
21.020 1.69400029322
21.025 1.69380441151
21.030 1.69360861177
21.035 1.69341289394
21.040 1.693217258
21.045 1.69302170388
21.050 1.69282623155
21.055 1.69263084095
21.060 1.69243553206
21.065 1.69224030482
21.070 1.69204515918
21.075 1.69185009511
21.080 1.69165511255
21.085 1.69146021147
21.090 1.69126539181
21.095 1.69107065355
21.100 1.69087599662
21.105 1.69068142098
21.110 1.6904869266
21.115 1.69029251343
21.120 1.69009818142
21.125 1.68990393052
21.130 1.68970976071
21.135 1.68951567192
21.140 1.68932166412
21.145 1.68912773726
21.150 1.6889338913
21.155 1.68874012619
21.160 1.6885464419
21.165 1.68835283837
21.170 1.68815931556
21.175 1.68796587343
21.180 1.68777251194
21.185 1.68757923104
21.190 1.68738603069
21.195 1.68719291084
21.200 1.68699987145
21.205 1.68680691247
21.210 1.68661403387
21.215 1.6864212356
21.220 1.68622851762
21.225 1.68603587988
21.230 1.68584332233
21.235 1.68565084495
21.240 1.68545844767
21.245 1.68526613047
21.250 1.68507389329
21.255 1.68488173609
21.260 1.68468965883
21.265 1.68449766147
21.270 1.68430574396
21.275 1.68411390626
21.280 1.68392214833
21.285 1.68373047012
21.290 1.6835388716
21.295 1.68334735271
21.300 1.68315591341
21.305 1.68296455367
21.310 1.68277327344
21.315 1.68258207267
21.320 1.68239095133
21.325 1.68219990937
21.330 1.68200894675
21.335 1.68181806342
21.340 1.68162725935
21.345 1.68143653448
21.350 1.68124588879
21.355 1.68105532221
21.360 1.68086483473
21.365 1.68067442628
21.370 1.68048409683
21.375 1.68029384633
21.380 1.68010367475
21.385 1.67991358204
21.390 1.67972356816
21.395 1.67953363307
21.400 1.67934377672
21.405 1.67915399907
21.410 1.67896430008
21.415 1.67877467971
21.420 1.67858513791
21.425 1.67839567465
21.430 1.67820628988
21.435 1.67801698356
21.440 1.67782775565
21.445 1.6776386061
21.450 1.67744953488
21.455 1.67726054194
21.460 1.67707162724
21.465 1.67688279074
21.470 1.67669403239
21.475 1.67650535216
21.480 1.67631675001
21.485 1.67612822589
21.490 1.67593977975
21.495 1.67575141157
21.500 1.67556312129
21.505 1.67537490888
21.510 1.6751867743
21.515 1.6749987175
21.520 1.67481073844
21.525 1.67462283708
21.530 1.67443501338
21.535 1.67424726729
21.540 1.67405959879
21.545 1.67387200782
21.550 1.67368449434
21.555 1.67349705832
21.560 1.67330969971
21.565 1.67312241846
21.570 1.67293521455
21.575 1.67274808793
21.580 1.67256103856
21.585 1.67237406639
21.590 1.67218717139
21.595 1.67200035352
21.600 1.67181361273
21.605 1.67162694898
21.610 1.67144036224
21.615 1.67125385246
21.620 1.6710674196
21.625 1.67088106362
21.630 1.67069478448
21.635 1.67050858215
21.640 1.67032245657
21.645 1.67013640771
21.650 1.66995043552
21.655 1.66976453998
21.660 1.66957872103
21.665 1.66939297864
21.670 1.66920731277
21.675 1.66902172337
21.680 1.66883621041
21.685 1.66865077384
21.690 1.66846541363
21.695 1.66828012974
21.700 1.66809492212
21.705 1.66790979073
21.710 1.66772473554
21.715 1.66753975651
21.720 1.66735485359
21.725 1.66717002674
21.730 1.66698527593
21.735 1.66680060112
21.740 1.66661600226
21.745 1.66643147931
21.750 1.66624703224
21.755 1.66606266101
21.760 1.66587836557
21.765 1.66569414589
21.770 1.66551000193
21.775 1.66532593364
21.780 1.66514194099
21.785 1.66495802393
21.790 1.66477418244
21.795 1.66459041646
21.800 1.66440672596
21.805 1.6642231109
21.810 1.66403957125
21.815 1.66385610695
21.820 1.66367271797
21.825 1.66348940428
21.830 1.66330616583
21.835 1.66312300258
21.840 1.6629399145
21.845 1.66275690154
21.850 1.66257396367
21.855 1.66239110084
21.860 1.66220831302
21.865 1.66202560017
21.870 1.66184296225
21.875 1.66166039922
21.880 1.66147791104
21.885 1.66129549768
21.890 1.66111315909
21.895 1.66093089523
21.900 1.66074870607
21.905 1.66056659156
21.910 1.66038455168
21.915 1.66020258637
21.920 1.66002069561
21.925 1.65983887934
21.930 1.65965713754
21.935 1.65947547017
21.940 1.65929387718
21.945 1.65911235854
21.950 1.6589309142
21.955 1.65874954414
21.960 1.65856824831
21.965 1.65838702668
21.970 1.6582058792
21.975 1.65802480583
21.980 1.65784380655
21.985 1.6576628813
21.990 1.65748203006
21.995 1.65730125278
22.000 1.65712054943
22.005 1.65693991996
22.010 1.65675936434
22.015 1.65657888254
22.020 1.6563984745
22.025 1.6562181402
22.030 1.6560378796
22.035 1.65585769266
22.040 1.65567757934
22.045 1.6554975396
22.050 1.6553175734
22.055 1.65513768072
22.060 1.6549578615
22.065 1.65477811571
22.070 1.65459844332
22.075 1.65441884428
22.080 1.65423931856
22.085 1.65405986613
22.090 1.65388048693
22.095 1.65370118094
22.100 1.65352194812
22.105 1.65334278843
22.110 1.65316370183
22.115 1.65298468828
22.120 1.65280574775
22.125 1.6526268802
22.130 1.6524480856
22.135 1.6522693639
22.140 1.65209071507
22.145 1.65191213906
22.150 1.65173363586
22.155 1.6515552054
22.160 1.65137684767
22.165 1.65119856262
22.170 1.65102035021
22.175 1.65084221041
22.180 1.65066414318
22.185 1.65048614848
22.190 1.65030822628
22.195 1.65013037653
22.200 1.64995259921
22.205 1.64977489428
22.210 1.64959726169
22.215 1.64941970141
22.220 1.64924221341
22.225 1.64906479764
22.230 1.64888745408
22.235 1.64871018267
22.240 1.6485329834
22.245 1.64835585621
22.250 1.64817880108
22.255 1.64800181797
22.260 1.64782490684
22.265 1.64764806765
22.270 1.64747130036
22.275 1.64729460495
22.280 1.64711798137
22.285 1.64694142959
22.290 1.64676494957
22.295 1.64658854127
22.300 1.64641220467
22.305 1.64623593971
22.310 1.64605974637
22.315 1.64588362461
22.320 1.64570757439
22.325 1.64553159568
22.330 1.64535568844
22.335 1.64517985263
22.340 1.64500408822
22.345 1.64482839517
22.350 1.64465277345
22.355 1.64447722302
22.360 1.64430174384
22.365 1.64412633588
22.370 1.6439509991
22.375 1.64377573347
22.380 1.64360053894
22.385 1.64342541549
22.390 1.64325036308
22.395 1.64307538167
22.400 1.64290047123
22.405 1.64272563171
22.410 1.64255086309
22.415 1.64237616533
22.420 1.6422015384
22.425 1.64202698225
22.430 1.64185249685
22.435 1.64167808217
22.440 1.64150373817
22.445 1.64132946481
22.450 1.64115526207
22.455 1.6409811299
22.460 1.64080706826
22.465 1.64063307713
22.470 1.64045915647
22.475 1.64028530624
22.480 1.64011152641
22.485 1.63993781694
22.490 1.63976417779
22.495 1.63959060894
22.500 1.63941711034
22.505 1.63924368196
22.510 1.63907032377
22.515 1.63889703573
22.520 1.6387238178
22.525 1.63855066995
22.530 1.63837759215
22.535 1.63820458436
22.540 1.63803164654
22.545 1.63785877867
22.550 1.63768598069
22.555 1.63751325259
22.560 1.63734059432
22.565 1.63716800586
22.570 1.63699548715
22.575 1.63682303818
22.580 1.6366506589
22.585 1.63647834929
22.590 1.6363061093
22.595 1.6361339389
22.600 1.63596183806
22.605 1.63578980674
22.610 1.63561784491
22.615 1.63544595253
22.620 1.63527412957
22.625 1.63510237599
22.630 1.63493069176
22.635 1.63475907685
22.640 1.63458753122
22.645 1.63441605483
22.650 1.63424464765
22.655 1.63407330965
22.660 1.6339020408
22.665 1.63373084105
22.670 1.63355971037
22.675 1.63338864874
22.680 1.63321765611
22.685 1.63304673245
22.690 1.63287587773
22.695 1.63270509191
22.700 1.63253437496
22.705 1.63236372684
22.710 1.63219314753
22.715 1.63202263698
22.720 1.63185219516
22.725 1.63168182205
22.730 1.63151151759
22.735 1.63134128177
22.740 1.63117111454
22.745 1.63100101588
22.750 1.63083098574
22.755 1.6306610241
22.760 1.63049113092
22.765 1.63032130617
22.770 1.63015154981
22.775 1.62998186182
22.780 1.62981224214
22.785 1.62964269076
22.790 1.62947320764
22.795 1.62930379274
22.800 1.62913444604
22.805 1.62896516749
22.810 1.62879595707
22.815 1.62862681474
22.820 1.62845774046
22.825 1.62828873421
22.830 1.62811979595
22.835 1.62795092565
22.840 1.62778212327
22.845 1.62761338878
22.850 1.62744472215
22.855 1.62727612334
22.860 1.62710759232
22.865 1.62693912906
22.870 1.62677073353
22.875 1.62660240568
22.880 1.62643414549
22.885 1.62626595293
22.890 1.62609782795
22.895 1.62592977054
22.900 1.62576178065
22.905 1.62559385825
22.910 1.62542600331
22.915 1.6252582158
22.920 1.62509049568
22.925 1.62492284291
22.930 1.62475525748
22.935 1.62458773934
22.940 1.62442028846
22.945 1.62425290482
22.950 1.62408558836
22.955 1.62391833907
22.960 1.62375115691
22.965 1.62358404185
22.970 1.62341699385
22.975 1.62325001288
22.980 1.62308309892
22.985 1.62291625192
22.990 1.62274947185
22.995 1.62258275869
23.000 1.62241611239
23.005 1.62224953293
23.010 1.62208302028
23.015 1.62191657439
23.020 1.62175019525
23.025 1.62158388281
23.030 1.62141763705
23.035 1.62125145793
23.040 1.62108534541
23.045 1.62091929948
23.050 1.62075332009
23.055 1.62058740721
23.060 1.62042156081
23.065 1.62025578087
23.070 1.62009006733
23.075 1.61992442018
23.080 1.61975883938
23.085 1.61959332491
23.090 1.61942787671
23.095 1.61926249478
23.100 1.61909717907
23.105 1.61893192954
23.110 1.61876674618
23.115 1.61860162895
23.120 1.61843657781
23.125 1.61827159273
23.130 1.61810667369
23.135 1.61794182064
23.140 1.61777703356
23.145 1.61761231242
23.150 1.61744765719
23.155 1.61728306782
23.160 1.6171185443
23.165 1.61695408658
23.170 1.61678969464
23.175 1.61662536845
23.180 1.61646110797
23.185 1.61629691318
23.190 1.61613278403
23.195 1.6159687205
23.200 1.61580472256
23.205 1.61564079018
23.210 1.61547692332
23.215 1.61531312196
23.220 1.61514938605
23.225 1.61498571558
23.230 1.61482211051
23.235 1.6146585708
23.240 1.61449509643
23.245 1.61433168736
23.250 1.61416834357
23.255 1.61400506502
23.260 1.61384185168
23.265 1.61367870352
23.270 1.6135156205
23.275 1.61335260261
23.280 1.6131896498
23.285 1.61302676205
23.290 1.61286393932
23.295 1.61270118158
23.300 1.61253848881
23.305 1.61237586096
23.310 1.61221329802
23.315 1.61205079994
23.320 1.6118883667
23.325 1.61172599827
23.330 1.61156369462
23.335 1.61140145571
23.340 1.61123928151
23.345 1.611077172
23.350 1.61091512714
23.355 1.6107531469
23.360 1.61059123125
23.365 1.61042938017
23.370 1.61026759361
23.375 1.61010587155
23.380 1.60994421396
23.385 1.6097826208
23.390 1.60962109206
23.395 1.60945962769
23.400 1.60929822766
23.405 1.60913689195
23.410 1.60897562053
23.415 1.60881441336
23.420 1.60865327041
23.425 1.60849219166
23.430 1.60833117707
23.435 1.60817022661
23.440 1.60800934025
23.445 1.60784851796
23.450 1.60768775972
23.455 1.60752706549
23.460 1.60736643523
23.465 1.60720586893
23.470 1.60704536655
23.475 1.60688492805
23.480 1.60672455342
23.485 1.60656424262
23.490 1.60640399561
23.495 1.60624381238
23.500 1.60608369288
23.505 1.6059236371
23.510 1.60576364499
23.515 1.60560371653
23.520 1.60544385169
23.525 1.60528405044
23.530 1.60512431274
23.535 1.60496463858
23.540 1.60480502792
23.545 1.60464548072
23.550 1.60448599697
23.555 1.60432657662
23.560 1.60416721965
23.565 1.60400792604
23.570 1.60384869574
23.575 1.60368952873
23.580 1.60353042499
23.585 1.60337138447
23.590 1.60321240716
23.595 1.60305349302
23.600 1.60289464202
23.605 1.60273585413
23.610 1.60257712932
23.615 1.60241846757
23.620 1.60225986884
23.625 1.60210133311
23.630 1.60194286034
23.635 1.6017844505
23.640 1.60162610357
23.645 1.60146781952
23.650 1.60130959831
23.655 1.60115143992
23.660 1.60099334432
23.665 1.60083531148
23.670 1.60067734136
23.675 1.60051943395
23.680 1.60036158921
23.685 1.6002038071
23.690 1.60004608761
23.695 1.59988843071
23.700 1.59973083635
23.705 1.59957330453
23.710 1.59941583519
23.715 1.59925842833
23.720 1.5991010839
23.725 1.59894380188
23.730 1.59878658224
23.735 1.59862942494
23.740 1.59847232997
23.745 1.5983152973
23.750 1.59815832688
23.755 1.5980014187
23.760 1.59784457272
23.765 1.59768778893
23.770 1.59753106727
23.775 1.59737440774
23.780 1.5972178103
23.785 1.59706127492
23.790 1.59690480157
23.795 1.59674839022
23.800 1.59659204085
23.805 1.59643575342
23.810 1.59627952792
23.815 1.5961233643
23.820 1.59596726254
23.825 1.59581122261
23.830 1.59565524448
23.835 1.59549932813
23.840 1.59534347353
23.845 1.59518768064
23.850 1.59503194944
23.855 1.5948762799
23.860 1.59472067199
23.865 1.59456512569
23.870 1.59440964096
23.875 1.59425421777
23.880 1.59409885611
23.885 1.59394355593
23.890 1.59378831721
23.895 1.59363313993
23.900 1.59347802405
23.905 1.59332296955
23.910 1.5931679764
23.915 1.59301304457
23.920 1.59285817402
23.925 1.59270336474
23.930 1.5925486167
23.935 1.59239392986
23.940 1.59223930421
23.945 1.5920847397
23.950 1.59193023632
23.955 1.59177579403
23.960 1.5916214128
23.965 1.59146709262
23.970 1.59131283344
23.975 1.59115863525
23.980 1.59100449802
23.985 1.59085042171
23.990 1.5906964063
23.995 1.59054245176
24.000 1.59038855806
24.005 1.59023472518
24.010 1.59008095308
24.015 1.58992724175
24.020 1.58977359115
24.025 1.58962000125
24.030 1.58946647202
24.035 1.58931300345
24.040 1.5891595955
24.045 1.58900624814
24.050 1.58885296134
24.055 1.58869973508
24.060 1.58854656934
24.065 1.58839346407
24.070 1.58824041926
24.075 1.58808743488
24.080 1.5879345109
24.085 1.58778164729
24.090 1.58762884403
24.095 1.58747610108
24.100 1.58732341842
24.105 1.58717079603
24.110 1.58701823387
24.115 1.58686573192
24.120 1.58671329015
24.125 1.58656090853
24.130 1.58640858704
24.135 1.58625632565
24.140 1.58610412433
24.145 1.58595198305
24.150 1.58579990179
24.155 1.58564788052
24.160 1.58549591921
24.165 1.58534401783
24.170 1.58519217637
24.175 1.58504039478
24.180 1.58488867305
24.185 1.58473701114
24.190 1.58458540904
24.195 1.5844338667
24.200 1.58428238412
24.205 1.58413096125
24.210 1.58397959807
24.215 1.58382829456
24.220 1.58367705068
24.225 1.58352586641
24.230 1.58337474173
24.235 1.58322367661
24.240 1.58307267101
24.245 1.58292172492
24.250 1.5827708383
24.255 1.58262001114
24.260 1.58246924339
24.265 1.58231853505
24.270 1.58216788607
24.275 1.58201729643
24.280 1.58186676611
24.285 1.58171629508
24.290 1.58156588331
24.295 1.58141553078
24.300 1.58126523745
24.305 1.58111500331
24.310 1.58096482832
24.315 1.58081471247
24.320 1.58066465571
24.325 1.58051465803
24.330 1.5803647194
24.335 1.5802148398
24.340 1.58006501919
24.345 1.57991525755
24.350 1.57976555486
24.355 1.57961591108
24.360 1.5794663262
24.365 1.57931680017
24.370 1.57916733299
24.375 1.57901792462
24.380 1.57886857504
24.385 1.57871928421
24.390 1.57857005212
24.395 1.57842087874
24.400 1.57827176403
24.405 1.57812270798
24.410 1.57797371056
24.415 1.57782477174
24.420 1.5776758915
24.425 1.5775270698
24.430 1.57737830663
24.435 1.57722960196
24.440 1.57708095576
24.445 1.57693236801
24.450 1.57678383867
24.455 1.57663536773
24.460 1.57648695516
24.465 1.57633860093
24.470 1.57619030501
24.475 1.57604206738
24.480 1.57589388802
24.485 1.57574576689
24.490 1.57559770398
24.495 1.57544969926
24.500 1.57530175269
24.505 1.57515386426
24.510 1.57500603393
24.515 1.57485826169
24.520 1.57471054751
24.525 1.57456289136
24.530 1.57441529321
24.535 1.57426775305
24.540 1.57412027084
24.545 1.57397284656
24.550 1.57382548018
24.555 1.57367817168
24.560 1.57353092103
24.565 1.5733837282
24.570 1.57323659318
24.575 1.57308951593
24.580 1.57294249643
24.585 1.57279553466
24.590 1.57264863059
24.595 1.57250178419
24.600 1.57235499543
24.605 1.5722082643
24.610 1.57206159077
24.615 1.5719149748
24.620 1.57176841639
24.625 1.57162191549
24.630 1.57147547209
24.635 1.57132908616
24.640 1.57118275768
24.645 1.57103648661
24.650 1.57089027294
24.655 1.57074411664
24.660 1.57059801768
24.665 1.57045197604
24.670 1.5703059917
24.675 1.57016006462
24.680 1.57001419479
24.685 1.56986838217
24.690 1.56972262675
24.695 1.56957692849
24.700 1.56943128738
24.705 1.56928570339
24.710 1.56914017649
24.715 1.56899470665
24.720 1.56884929386
24.725 1.56870393809
24.730 1.56855863931
24.735 1.5684133975
24.740 1.56826821263
24.745 1.56812308468
24.750 1.56797801363
24.755 1.56783299944
24.760 1.56768804209
24.765 1.56754314157
24.770 1.56739829783
24.775 1.56725351087
24.780 1.56710878065
24.785 1.56696410715
24.790 1.56681949035
24.795 1.56667493022
24.800 1.56653042673
24.805 1.56638597986
24.810 1.56624158959
24.815 1.56609725589
24.820 1.56595297874
24.825 1.56580875811
24.830 1.56566459398
24.835 1.56552048632
24.840 1.56537643511
24.845 1.56523244032
24.850 1.56508850193
24.855 1.56494461992
24.860 1.56480079426
24.865 1.56465702493
24.870 1.56451331189
24.875 1.56436965514
24.880 1.56422605463
24.885 1.56408251036
24.890 1.56393902229
24.895 1.5637955904
24.900 1.56365221467
24.905 1.56350889506
24.910 1.56336563157
24.915 1.56322242415
24.920 1.5630792728
24.925 1.56293617748
24.930 1.56279313817
24.935 1.56265015484
24.940 1.56250722748
24.945 1.56236435605
24.950 1.56222154054
24.955 1.56207878092
24.960 1.56193607716
24.965 1.56179342924
24.970 1.56165083714
24.975 1.56150830084
24.980 1.5613658203
24.985 1.5612233955
24.990 1.56108102643
24.995 1.56093871305
25.000 1.56079645535
25.005 1.56062618574
25.010 1.56045598041
25.015 1.56028583931
25.020 1.56011576243
25.025 1.55994574973
25.030 1.55977580119
25.035 1.55960591678
25.040 1.55943609647
25.045 1.55926634023
25.050 1.55909664803
25.055 1.55892701985
25.060 1.55875745565
25.065 1.55858795541
25.070 1.5584185191
25.075 1.55824914669
25.080 1.55807983816
25.085 1.55791059346
25.090 1.55774141259
25.095 1.5575722955
25.100 1.55740324218
25.105 1.55723425258
25.110 1.55706532669
25.115 1.55689646447
25.120 1.5567276659
25.125 1.55655893095
25.130 1.5563902596
25.135 1.5562216518
25.140 1.55605310754
25.145 1.55588462679
25.150 1.55571620951
25.155 1.55554785569
25.160 1.55537956529
25.165 1.55521133828
25.170 1.55504317464
25.175 1.55487507435
25.180 1.55470703736
25.185 1.55453906365
25.190 1.55437115321
25.195 1.55420330599
25.200 1.55403552196
25.205 1.55386780112
25.210 1.55370014341
25.215 1.55353254883
25.220 1.55336501733
25.225 1.55319754889
25.230 1.55303014349
25.235 1.55286280109
25.240 1.55269552168
25.245 1.55252830521
25.250 1.55236115166
25.255 1.55219406102
25.260 1.55202703323
25.265 1.55186006829
25.270 1.55169316617
25.275 1.55152632683
25.280 1.55135955024
25.285 1.55119283639
25.290 1.55102618524
25.295 1.55085959676
25.300 1.55069307094
25.305 1.55052660773
25.310 1.55036020712
25.315 1.55019386908
25.320 1.55002759357
25.325 1.54986138057
25.330 1.54969523006
25.335 1.54952914201
25.340 1.54936311639
25.345 1.54919715316
25.350 1.54903125232
25.355 1.54886541382
25.360 1.54869963764
25.365 1.54853392376
25.370 1.54836827214
25.375 1.54820268277
25.380 1.5480371556
25.385 1.54787169062
25.390 1.5477062878
25.395 1.54754094711
25.400 1.54737566853
25.405 1.54721045202
25.410 1.54704529756
25.415 1.54688020513
25.420 1.54671517469
25.425 1.54655020622
25.430 1.5463852997
25.435 1.54622045509
25.440 1.54605567237
25.445 1.54589095151
25.450 1.54572629249
25.455 1.54556169527
25.460 1.54539715984
25.465 1.54523268616
25.470 1.54506827421
25.475 1.54490392397
25.480 1.54473963539
25.485 1.54457540847
25.490 1.54441124316
25.495 1.54424713946
25.500 1.54408309731
25.505 1.54391911672
25.510 1.54375519763
25.515 1.54359134004
25.520 1.5434275439
25.525 1.54326380921
25.530 1.54310013592
25.535 1.54293652401
25.540 1.54277297346
25.545 1.54260948424
25.550 1.54244605632
25.555 1.54228268968
25.560 1.54211938428
25.565 1.54195614012
25.570 1.54179295714
25.575 1.54162983535
25.580 1.54146677469
25.585 1.54130377515
25.590 1.54114083671
25.595 1.54097795933
25.600 1.54081514299
25.605 1.54065238767
25.610 1.54048969333
25.615 1.54032705995
25.620 1.54016448751
25.625 1.54000197598
25.630 1.53983952533
25.635 1.53967713554
25.640 1.53951480657
25.645 1.53935253841
25.650 1.53919033103
25.655 1.5390281844
25.660 1.5388660985
25.665 1.5387040733
25.670 1.53854210877
25.675 1.53838020489
25.680 1.53821836163
25.685 1.53805657897
25.690 1.53789485688
25.695 1.53773319533
25.700 1.53757159431
25.705 1.53741005377
25.710 1.5372485737
25.715 1.53708715408
25.720 1.53692579487
25.725 1.53676449604
25.730 1.53660325759
25.735 1.53644207947
25.740 1.53628096166
25.745 1.53611990414
25.750 1.53595890688
25.755 1.53579796985
25.760 1.53563709304
25.765 1.53547627641
25.770 1.53531551994
25.775 1.5351548236
25.780 1.53499418736
25.785 1.53483361121
25.790 1.53467309512
25.795 1.53451263905
25.800 1.534352243
25.805 1.53419190692
25.810 1.53403163079
25.815 1.53387141459
25.820 1.5337112583
25.825 1.53355116189
25.830 1.53339112532
25.835 1.53323114859
25.840 1.53307123165
25.845 1.53291137449
25.850 1.53275157709
25.855 1.5325918394
25.860 1.53243216142
25.865 1.53227254312
25.870 1.53211298446
25.875 1.53195348543
25.880 1.531794046
25.885 1.53163466614
25.890 1.53147534583
25.895 1.53131608505
25.900 1.53115688376
25.905 1.53099774195
25.910 1.53083865958
25.915 1.53067963664
25.920 1.5305206731
25.925 1.53036176893
25.930 1.53020292411
25.935 1.53004413861
25.940 1.52988541241
25.945 1.52972674549
25.950 1.52956813781
25.955 1.52940958935
25.960 1.5292511001
25.965 1.52909267001
25.970 1.52893429908
25.975 1.52877598727
25.980 1.52861773456
25.985 1.52845954092
25.990 1.52830140633
25.995 1.52814333076
26.000 1.5279853142
26.005 1.52782735661
26.010 1.52766945797
26.015 1.52751161825
26.020 1.52735383744
26.025 1.5271961155
26.030 1.52703845241
26.035 1.52688084815
26.040 1.52672330269
26.045 1.52656581601
26.050 1.52640838808
26.055 1.52625101888
26.060 1.52609370838
26.065 1.52593645656
26.070 1.52577926339
26.075 1.52562212886
26.080 1.52546505293
26.085 1.52530803558
26.090 1.52515107679
26.095 1.52499417652
26.100 1.52483733477
26.105 1.5246805515
26.110 1.52452382669
26.115 1.52436716031
26.120 1.52421055234
26.125 1.52405400275
26.130 1.52389751153
26.135 1.52374107865
26.140 1.52358470407
26.145 1.52342838779
26.150 1.52327212977
26.155 1.52311592999
26.160 1.52295978842
26.165 1.52280370504
26.170 1.52264767984
26.175 1.52249171277
26.180 1.52233580382
26.185 1.52217995297
26.190 1.52202416019
26.195 1.52186842545
26.200 1.52171274874
26.205 1.52155713002
26.210 1.52140156928
26.215 1.52124606649
26.220 1.52109062162
26.225 1.52093523466
26.230 1.52077990557
26.235 1.52062463434
26.240 1.52046942094
26.245 1.52031426534
26.250 1.52015916752
26.255 1.52000412747
26.260 1.51984914515
26.265 1.51969422053
26.270 1.51953935361
26.275 1.51938454435
26.280 1.51922979272
26.285 1.51907509871
26.290 1.51892046229
26.295 1.51876588344
26.300 1.51861136214
26.305 1.51845689835
26.310 1.51830249206
26.315 1.51814814324
26.320 1.51799385187
26.325 1.51783961792
26.330 1.51768544138
26.335 1.51753132222
26.340 1.5173772604
26.345 1.51722325592
26.350 1.51706930875
26.355 1.51691541886
26.360 1.51676158623
26.365 1.51660781083
26.370 1.51645409265
26.375 1.51630043166
26.380 1.51614682783
26.385 1.51599328115
26.390 1.51583979158
26.395 1.51568635911
26.400 1.51553298371
26.405 1.51537966536
26.410 1.51522640404
26.415 1.51507319971
26.420 1.51492005237
26.425 1.51476696198
26.430 1.51461392852
26.435 1.51446095197
26.440 1.51430803231
26.445 1.5141551695
26.450 1.51400236354
26.455 1.51384961439
26.460 1.51369692203
26.465 1.51354428644
26.470 1.5133917076
26.475 1.51323918548
26.480 1.51308672006
26.485 1.51293431131
26.490 1.51278195922
26.495 1.51262966375
26.500 1.5124774249
26.505 1.51232524263
26.510 1.51217311691
26.515 1.51202104774
26.520 1.51186903508
26.525 1.51171707891
26.530 1.51156517921
26.535 1.51141333596
26.540 1.51126154912
26.545 1.51110981869
26.550 1.51095814464
26.555 1.51080652693
26.560 1.51065496556
26.565 1.5105034605
26.570 1.51035201172
26.575 1.5102006192
26.580 1.51004928293
26.585 1.50989800286
26.590 1.509746779
26.595 1.5095956113
26.600 1.50944449975
26.605 1.50929344433
26.610 1.50914244501
26.615 1.50899150177
26.620 1.50884061458
26.625 1.50868978343
26.630 1.5085390083
26.635 1.50838828915
26.640 1.50823762597
26.645 1.50808701873
26.650 1.50793646741
26.655 1.50778597199
26.660 1.50763553245
26.665 1.50748514876
26.670 1.5073348209
26.675 1.50718454885
26.680 1.50703433258
26.685 1.50688417208
26.690 1.50673406732
26.695 1.50658401828
26.700 1.50643402493
26.705 1.50628408726
26.710 1.50613420523
26.715 1.50598437884
26.720 1.50583460805
26.725 1.50568489284
26.730 1.5055352332
26.735 1.5053856291
26.740 1.50523608051
26.745 1.50508658741
26.750 1.50493714979
26.755 1.50478776762
26.760 1.50463844088
26.765 1.50448916954
26.770 1.50433995358
26.775 1.50419079298
26.780 1.50404168772
26.785 1.50389263778
26.790 1.50374364314
26.795 1.50359470376
26.800 1.50344581963
26.805 1.50329699074
26.810 1.50314821704
26.815 1.50299949853
26.820 1.50285083519
26.825 1.50270222698
26.830 1.50255367389
26.835 1.50240517589
26.840 1.50225673297
26.845 1.50210834509
26.850 1.50196001225
26.855 1.50181173441
26.860 1.50166351156
26.865 1.50151534367
26.870 1.50136723073
26.875 1.5012191727
26.880 1.50107116957
26.885 1.50092322131
26.890 1.50077532791
26.895 1.50062748934
26.900 1.50047970558
26.905 1.50033197661
26.910 1.50018430241
26.915 1.50003668295
26.920 1.49988911821
26.925 1.49974160817
26.930 1.49959415281
26.935 1.49944675211
26.940 1.49929940605
26.945 1.4991521146
26.950 1.49900487774
26.955 1.49885769545
26.960 1.49871056771
26.965 1.4985634945
26.970 1.49841647579
26.975 1.49826951157
26.980 1.49812260181
26.985 1.49797574649
26.990 1.49782894559
26.995 1.49768219909
27.000 1.49753550697
27.005 1.4973888692
27.010 1.49724228576
27.015 1.49709575663
27.020 1.49694928179
27.025 1.49680286123
27.030 1.49665649491
27.035 1.49651018281
27.040 1.49636392492
27.045 1.49621772122
27.050 1.49607157167
27.055 1.49592547626
27.060 1.49577943498
27.065 1.49563344779
27.070 1.49548751468
27.075 1.49534163562
27.080 1.49519581059
27.085 1.49505003958
27.090 1.49490432256
27.095 1.49475865951
27.100 1.4946130504
27.105 1.49446749523
27.110 1.49432199396
27.115 1.49417654657
27.120 1.49403115305
27.125 1.49388581337
27.130 1.49374052751
27.135 1.49359529546
27.140 1.49345011718
27.145 1.49330499266
27.150 1.49315992187
27.155 1.4930149048
27.160 1.49286994143
27.165 1.49272503173
27.170 1.49258017568
27.175 1.49243537326
27.180 1.49229062446
27.185 1.49214592924
27.190 1.49200128759
27.195 1.49185669949
27.200 1.49171216492
27.205 1.49156768385
27.210 1.49142325627
27.215 1.49127888215
27.220 1.49113456147
27.225 1.49099029422
27.230 1.49084608036
27.235 1.49070191989
27.240 1.49055781278
27.245 1.490413759
27.250 1.49026975854
27.255 1.49012581138
27.260 1.4899819175
27.265 1.48983807687
27.270 1.48969428948
27.275 1.4895505553
27.280 1.48940687431
27.285 1.4892632465
27.290 1.48911967184
27.295 1.48897615031
27.300 1.48883268189
27.305 1.48868926656
27.310 1.4885459043
27.315 1.48840259508
27.320 1.4882593389
27.325 1.48811613572
27.330 1.48797298553
27.335 1.48782988831
27.340 1.48768684403
27.345 1.48754385268
27.350 1.48740091423
27.355 1.48725802867
27.360 1.48711519597
27.365 1.48697241611
27.370 1.48682968908
27.375 1.48668701485
27.380 1.4865443934
27.385 1.48640182471
27.390 1.48625930876
27.395 1.48611684554
27.400 1.48597443501
27.405 1.48583207717
27.410 1.48568977198
27.415 1.48554751943
27.420 1.4854053195
27.425 1.48526317217
27.430 1.48512107742
27.435 1.48497903523
27.440 1.48483704557
27.445 1.48469510843
27.450 1.48455322379
27.455 1.48441139163
27.460 1.48426961192
27.465 1.48412788465
27.470 1.48398620979
27.475 1.48384458734
27.480 1.48370301725
27.485 1.48356149953
27.490 1.48342003414
27.495 1.48327862106
27.500 1.48313726028
27.505 1.48299595178
27.510 1.48285469553
27.515 1.48271349152
27.520 1.48257233972
27.525 1.48243124012
27.530 1.48229019269
27.535 1.48214919742
27.540 1.48200825429
27.545 1.48186736327
27.550 1.48172652434
27.555 1.48158573749
27.560 1.4814450027
27.565 1.48130431994
27.570 1.4811636892
27.575 1.48102311045
27.580 1.48088258368
27.585 1.48074210886
27.590 1.48060168598
27.595 1.48046131502
27.600 1.48032099595
27.605 1.48018072876
27.610 1.48004051343
27.615 1.47990034993
27.620 1.47976023825
27.625 1.47962017837
27.630 1.47948017027
27.635 1.47934021393
27.640 1.47920030932
27.645 1.47906045643
27.650 1.47892065524
27.655 1.47878090573
27.660 1.47864120788
27.665 1.47850156167
27.670 1.47836196708
27.675 1.47822242409
27.680 1.47808293269
27.685 1.47794349284
27.690 1.47780410454
27.695 1.47766476776
27.700 1.47752548248
27.705 1.47738624868
27.710 1.47724706635
27.715 1.47710793546
27.720 1.476968856
27.725 1.47682982794
27.730 1.47669085127
27.735 1.47655192597
27.740 1.47641305201
27.745 1.47627422938
27.750 1.47613545806
27.755 1.47599673802
27.760 1.47585806926
27.765 1.47571945174
27.770 1.47558088546
27.775 1.47544237039
27.780 1.47530390651
27.785 1.4751654938
27.790 1.47502713224
27.795 1.47488882182
27.800 1.47475056251
27.805 1.4746123543
27.810 1.47447419717
27.815 1.47433609109
27.820 1.47419803605
27.825 1.47406003203
27.830 1.473922079
27.835 1.47378417696
27.840 1.47364632588
27.845 1.47350852574
27.850 1.47337077652
27.855 1.4732330782
27.860 1.47309543077
27.865 1.47295783421
27.870 1.47282028849
27.875 1.4726827936
27.880 1.47254534951
27.885 1.47240795621
27.890 1.47227061369
27.895 1.47213332191
27.900 1.47199608087
27.905 1.47185889054
27.910 1.4717217509
27.915 1.47158466194
27.920 1.47144762363
27.925 1.47131063596
27.930 1.47117369891
27.935 1.47103681246
27.940 1.47089997658
27.945 1.47076319127
27.950 1.4706264565
27.955 1.47048977225
27.960 1.47035313851
27.965 1.47021655525
27.970 1.47008002246
27.975 1.46994354012
27.980 1.46980710821
27.985 1.46967072671
27.990 1.4695343956
27.995 1.46939811486
28.000 1.46926188447
28.005 1.46912570442
28.010 1.46898957469
28.015 1.46885349526
28.020 1.4687174661
28.025 1.46858148721
28.030 1.46844555855
28.035 1.46830968012
28.040 1.4681738519
28.045 1.46803807386
28.050 1.46790234598
28.055 1.46776666826
28.060 1.46763104066
28.065 1.46749546318
28.070 1.46735993579
28.075 1.46722445847
28.080 1.46708903121
28.085 1.46695365398
28.090 1.46681832678
28.095 1.46668304957
28.100 1.46654782235
28.105 1.46641264509
28.110 1.46627751777
28.115 1.46614244038
28.120 1.46600741289
28.125 1.4658724353
28.130 1.46573750758
28.135 1.4656026297
28.140 1.46546780167
28.145 1.46533302344
28.150 1.46519829502
28.155 1.46506361637
28.160 1.46492898749
28.165 1.46479440834
28.170 1.46465987892
28.175 1.46452539921
28.180 1.46439096918
28.185 1.46425658882
28.190 1.46412225811
28.195 1.46398797704
28.200 1.46385374558
28.205 1.46371956371
28.210 1.46358543142
28.215 1.46345134869
28.220 1.4633173155
28.225 1.46318333184
28.230 1.46304939768
28.235 1.462915513
28.240 1.4627816778
28.245 1.46264789204
28.250 1.46251415572
28.255 1.46238046881
28.260 1.46224683129
28.265 1.46211324316
28.270 1.46197970438
28.275 1.46184621495
28.280 1.46171277484
28.285 1.46157938403
28.290 1.46144604251
28.295 1.46131275027
28.300 1.46117950727
28.305 1.46104631351
28.310 1.46091316896
28.315 1.46078007361
28.320 1.46064702744
28.325 1.46051403043
28.330 1.46038108257
28.335 1.46024818383
28.340 1.4601153342
28.345 1.45998253366
28.350 1.45984978219
28.355 1.45971707978
28.360 1.4595844264
28.365 1.45945182204
28.370 1.45931926668
28.375 1.45918676031
28.380 1.4590543029
28.385 1.45892189443
28.390 1.4587895349
28.395 1.45865722428
28.400 1.45852496255
28.405 1.4583927497
28.410 1.45826058571
28.415 1.45812847055
28.420 1.45799640423
28.425 1.4578643867
28.430 1.45773241797
28.435 1.457600498
28.440 1.45746862679
28.445 1.45733680431
28.450 1.45720503055
28.455 1.45707330549
28.460 1.45694162911
28.465 1.45681000139
28.470 1.45667842232
28.475 1.45654689188
28.480 1.45641541005
28.485 1.45628397682
28.490 1.45615259216
28.495 1.45602125606
28.500 1.4558899685
28.505 1.45575872947
28.510 1.45562753894
28.515 1.4554963969
28.520 1.45536530334
28.525 1.45523425822
28.530 1.45510326155
28.535 1.45497231329
28.540 1.45484141343
28.545 1.45471056196
28.550 1.45457975886
28.555 1.4544490041
28.560 1.45431829768
28.565 1.45418763957
28.570 1.45405702976
28.575 1.45392646823
28.580 1.45379595496
28.585 1.45366548994
28.590 1.45353507314
28.595 1.45340470456
28.600 1.45327438417
28.605 1.45314411195
28.610 1.4530138879
28.615 1.45288371199
28.620 1.4527535842
28.625 1.45262350452
28.630 1.45249347292
28.635 1.45236348941
28.640 1.45223355394
28.645 1.45210366652
28.650 1.45197382712
28.655 1.45184403572
28.660 1.45171429231
28.665 1.45158459686
28.670 1.45145494938
28.675 1.45132534982
28.680 1.45119579819
28.685 1.45106629446
28.690 1.45093683861
28.695 1.45080743063
28.700 1.4506780705
28.705 1.4505487582
28.710 1.45041949372
28.715 1.45029027704
28.720 1.45016110814
28.725 1.45003198701
28.730 1.44990291362
28.735 1.44977388797
28.740 1.44964491003
28.745 1.44951597979
28.750 1.44938709723
28.755 1.44925826233
28.760 1.44912947508
28.765 1.44900073546
28.770 1.44887204345
28.775 1.44874339904
28.780 1.44861480221
28.785 1.44848625294
28.790 1.44835775121
28.795 1.44822929702
28.800 1.44810089033
28.805 1.44797253114
28.810 1.44784421943
28.815 1.44771595519
28.820 1.44758773838
28.825 1.44745956901
28.830 1.44733144704
28.835 1.44720337247
28.840 1.44707534528
28.845 1.44694736545
28.850 1.44681943297
28.855 1.44669154781
28.860 1.44656370996
28.865 1.44643591941
28.870 1.44630817613
28.875 1.44618048012
28.880 1.44605283135
28.885 1.44592522981
28.890 1.44579767548
28.895 1.44567016834
28.900 1.44554270839
28.905 1.44541529559
28.910 1.44528792994
28.915 1.44516061142
28.920 1.44503334001
28.925 1.44490611569
28.930 1.44477893846
28.935 1.44465180828
28.940 1.44452472515
28.945 1.44439768905
28.950 1.44427069997
28.955 1.44414375788
28.960 1.44401686277
28.965 1.44389001462
28.970 1.44376321343
28.975 1.44363645916
28.980 1.4435097518
28.985 1.44338309135
28.990 1.44325647777
28.995 1.44312991106
29.000 1.4430033912
29.005 1.44287691818
29.010 1.44275049196
29.015 1.44262411255
29.020 1.44249777992
29.025 1.44237149406
29.030 1.44224525495
29.035 1.44211906257
29.040 1.44199291692
29.045 1.44186681796
29.050 1.44174076569
29.055 1.44161476009
29.060 1.44148880114
29.065 1.44136288883
29.070 1.44123702315
29.075 1.44111120406
29.080 1.44098543157
29.085 1.44085970564
29.090 1.44073402628
29.095 1.44060839345
29.100 1.44048280715
29.105 1.44035726735
29.110 1.44023177405
29.115 1.44010632722
29.120 1.43998092685
29.125 1.43985557293
29.130 1.43973026543
29.135 1.43960500434
29.140 1.43947978965
29.145 1.43935462134
29.150 1.43922949939
29.155 1.43910442379
29.160 1.43897939452
29.165 1.43885441156
29.170 1.43872947491
29.175 1.43860458454
29.180 1.43847974043
29.185 1.43835494258
29.190 1.43823019096
29.195 1.43810548556
29.200 1.43798082636
29.205 1.43785621335
29.210 1.43773164652
29.215 1.43760712584
29.220 1.4374826513
29.225 1.43735822288
29.230 1.43723384057
29.235 1.43710950436
29.240 1.43698521422
29.245 1.43686097014
29.250 1.4367367721
29.255 1.4366126201
29.260 1.43648851411
29.265 1.43636445411
29.270 1.4362404401
29.275 1.43611647206
29.280 1.43599254996
29.285 1.4358686738
29.290 1.43574484356
29.295 1.43562105922
29.300 1.43549732077
29.305 1.43537362819
29.310 1.43524998146
29.315 1.43512638058
29.320 1.43500282552
29.325 1.43487931627
29.330 1.43475585282
29.335 1.43463243514
29.340 1.43450906322
29.345 1.43438573705
29.350 1.43426245661
29.355 1.43413922189
29.360 1.43401603287
29.365 1.43389288953
29.370 1.43376979186
29.375 1.43364673984
29.380 1.43352373346
29.385 1.43340077271
29.390 1.43327785756
29.395 1.433154988
29.400 1.43303216401
29.405 1.43290938559
29.410 1.43278665271
29.415 1.43266396536
29.420 1.43254132353
29.425 1.43241872719
29.430 1.43229617633
29.435 1.43217367095
29.440 1.43205121101
29.445 1.43192879651
29.450 1.43180642744
29.455 1.43168410377
29.460 1.43156182549
29.465 1.43143959258
29.470 1.43131740504
29.475 1.43119526284
29.480 1.43107316597
29.485 1.43095111441
29.490 1.43082910815
29.495 1.43070714718
29.500 1.43058523147
29.505 1.43046336102
29.510 1.4303415358
29.515 1.43021975581
29.520 1.43009802102
29.525 1.42997633142
29.530 1.42985468701
29.535 1.42973308775
29.540 1.42961153364
29.545 1.42949002466
29.550 1.4293685608
29.555 1.42924714203
29.560 1.42912576835
29.565 1.42900443975
29.570 1.4288831562
29.575 1.42876191769
29.580 1.4286407242
29.585 1.42851957572
29.590 1.42839847224
29.595 1.42827741374
29.600 1.4281564002
29.605 1.42803543162
29.610 1.42791450796
29.615 1.42779362923
29.620 1.4276727954
29.625 1.42755200646
29.630 1.4274312624
29.635 1.42731056319
29.640 1.42718990883
29.645 1.4270692993
29.650 1.42694873459
29.655 1.42682821467
29.660 1.42670773954
29.665 1.42658730918
29.670 1.42646692357
29.675 1.42634658271
29.680 1.42622628656
29.685 1.42610603513
29.690 1.42598582839
29.695 1.42586566634
29.700 1.42574554895
29.705 1.42562547621
29.710 1.4255054481
29.715 1.42538546462
29.720 1.42526552574
29.725 1.42514563146
29.730 1.42502578175
29.735 1.4249059766
29.740 1.424786216
29.745 1.42466649993
29.750 1.42454682838
29.755 1.42442720133
29.760 1.42430761877
29.765 1.42418808069
29.770 1.42406858706
29.775 1.42394913787
29.780 1.42382973312
29.785 1.42371037277
29.790 1.42359105683
29.795 1.42347178528
29.800 1.42335255809
29.805 1.42323337526
29.810 1.42311423677
29.815 1.42299514261
29.820 1.42287609275
29.825 1.4227570872
29.830 1.42263812593
29.835 1.42251920892
29.840 1.42240033617
29.845 1.42228150766
29.850 1.42216272338
29.855 1.4220439833
29.860 1.42192528742
29.865 1.42180663571
29.870 1.42168802818
29.875 1.42156946479
29.880 1.42145094555
29.885 1.42133247042
29.890 1.42121403941
29.895 1.42109565248
29.900 1.42097730964
29.905 1.42085901086
29.910 1.42074075614
29.915 1.42062254544
29.920 1.42050437877
29.925 1.42038625611
29.930 1.42026817744
29.935 1.42015014274
29.940 1.42003215201
29.945 1.41991420523
29.950 1.41979630239
29.955 1.41967844347
29.960 1.41956062845
29.965 1.41944285732
29.970 1.41932513008
29.975 1.41920744669
29.980 1.41908980716
29.985 1.41897221146
29.990 1.41885465958
29.995 1.4187371515
