3.240 0.375947910263
3.245 0.375676888648
3.250 0.375406514873
3.255 0.375136786416
3.260 0.37486770077
3.265 0.374599255441
3.270 0.374331447947
3.275 0.374064275822
3.280 0.373797736612
3.285 0.373531827876
3.290 0.373266547188
3.295 0.373001892132
3.300 0.372737860308
3.305 0.372447296734
3.310 0.372157391034
3.315 0.371868140707
3.320 0.371579543267
3.325 0.371291596239
3.330 0.371004297165
3.335 0.370717643595
3.340 0.370431633097
3.345 0.370146263247
3.350 0.369861531638
3.355 0.369577435874
3.360 0.369293973571
3.365 0.369011142357
3.370 0.368728939876
3.375 0.368447363781
3.380 0.368166411737
3.385 0.367886081424
3.390 0.367606370531
3.395 0.367327276762
3.400 0.367048797831
3.405 0.366749502797
3.410 0.366450845383
3.415 0.366152823242
3.420 0.365855434038
3.425 0.36555867545
3.430 0.365262545166
3.435 0.364967040886
3.440 0.364672160325
3.445 0.364377901205
3.450 0.364084261264
3.455 0.363791238248
3.460 0.363498829917
3.465 0.363207034041
3.470 0.362915848403
3.475 0.362625270795
3.480 0.362335299022
3.485 0.362045930899
3.490 0.361757164253
3.495 0.361468996921
3.500 0.361181426751
3.505 0.360894451603
3.510 0.360608069346
3.515 0.360322277862
3.520 0.360037075041
3.525 0.359752458785
3.530 0.359468427007
3.535 0.359184977629
3.540 0.358902108585
3.545 0.358619817817
3.550 0.35833810328
3.555 0.358056962936
3.560 0.35777639476
3.565 0.357496396736
3.570 0.357216966858
3.575 0.356938103128
3.580 0.356659803562
3.585 0.356382066181
3.590 0.356104889019
3.595 0.355828270118
3.600 0.355552207532
3.605 0.355276699321
3.610 0.355001743556
3.615 0.354727338319
3.620 0.3544534817
3.625 0.354180171797
3.630 0.353907406719
3.635 0.353635184585
3.640 0.353363503519
3.645 0.353092361659
3.650 0.35282175715
3.655 0.352551688144
3.660 0.352282152806
3.665 0.352013149305
3.670 0.351744675823
3.675 0.351476730549
3.680 0.35120931168
3.685 0.350942417422
3.690 0.350676045991
3.695 0.35041019561
3.700 0.35014486451
3.705 0.349909473302
3.710 0.349674563223
3.715 0.349440132642
3.720 0.349206179937
3.725 0.348972703493
3.730 0.348739701703
3.735 0.348507172967
3.740 0.348275115692
3.745 0.348043528295
3.750 0.347812409198
3.755 0.347581756831
3.760 0.347351569633
3.765 0.347121846047
3.770 0.346892584526
3.775 0.346663783531
3.780 0.346435441527
3.785 0.346207556988
3.790 0.345980128395
3.795 0.345753154237
3.800 0.345526633009
3.805 0.345300563212
3.810 0.345074943356
3.815 0.344849771956
3.820 0.344625047535
3.825 0.344400768624
3.830 0.344176933757
3.835 0.34395354148
3.840 0.34373059034
3.845 0.343508078895
3.850 0.343286005708
3.855 0.343064369349
3.860 0.342843168393
3.865 0.342622401425
3.870 0.342402067031
3.875 0.34218216381
3.880 0.341962690361
3.885 0.341743645295
3.890 0.341525027225
3.895 0.341306834773
3.900 0.341089066565
3.905 0.340871721236
3.910 0.340654797425
3.915 0.340438293777
3.920 0.340222208945
3.925 0.340006541586
3.930 0.339791290364
3.935 0.33957645395
3.940 0.339362031018
3.945 0.339148020252
3.950 0.338934420338
3.955 0.338721229971
3.960 0.338508447849
3.965 0.338296072678
3.970 0.338084103168
3.975 0.337872538038
3.980 0.337661376007
3.985 0.337450615806
3.990 0.337240256167
3.995 0.33703029583
4.000 0.336820733539
4.005 0.336634206431
4.010 0.336448047116
4.015 0.336262254435
4.020 0.336076827235
4.025 0.335891764364
4.030 0.33570706468
4.035 0.335522727042
4.040 0.335338750317
4.045 0.335155133375
4.050 0.334971875092
4.055 0.334788974348
4.060 0.334606430028
4.065 0.334424241023
4.070 0.334242406227
4.075 0.334060924542
4.080 0.333879794871
4.085 0.333699016123
4.090 0.333518587213
4.095 0.33333850706
4.100 0.333158774586
4.105 0.332979388721
4.110 0.332800348397
4.115 0.332621652551
4.120 0.332443300124
4.125 0.332265290065
4.130 0.332087621322
4.135 0.331910292853
4.140 0.331733303616
4.145 0.331556652577
4.150 0.331380338703
4.155 0.331204360968
4.160 0.33102871835
4.165 0.33085340983
4.170 0.330678434395
4.175 0.330503791034
4.180 0.330329478744
4.185 0.330155496522
4.190 0.329981843372
4.195 0.329808518302
4.200 0.329635520323
4.205 0.329462848451
4.210 0.329290501706
4.215 0.329118479112
4.220 0.328946779697
4.225 0.328775402493
4.230 0.328604346536
4.235 0.328433610867
4.240 0.328263194531
4.245 0.328093096574
4.250 0.327923316051
4.255 0.327753852016
4.260 0.32758470353
4.265 0.327415869656
4.270 0.327247349464
4.275 0.327079142024
4.280 0.326911246412
4.285 0.326743661707
4.290 0.326576386994
4.295 0.326409421357
4.300 0.326242763889
4.305 0.326076413684
4.310 0.32591036984
4.315 0.325744631459
4.320 0.325579197646
4.325 0.32541406751
4.330 0.325249240166
4.335 0.325084714728
4.340 0.324920490317
4.345 0.324756566057
4.350 0.324592941074
4.355 0.324429614501
4.360 0.32426658547
4.365 0.32410385312
4.370 0.323941416593
4.375 0.323779275032
4.380 0.323617427586
4.385 0.323455873407
4.390 0.32329461165
4.395 0.323133641473
4.400 0.322972962038
4.405 0.322812572511
4.410 0.322652472059
4.415 0.322492659856
4.420 0.322333135076
4.425 0.322173896897
4.430 0.322014944502
4.435 0.321856277075
4.440 0.321697893805
4.445 0.321539793884
4.450 0.321381976505
4.455 0.321224440868
4.460 0.321067186173
4.465 0.320910211624
4.470 0.320753516429
4.475 0.320597099799
4.480 0.320440960947
4.485 0.32028509909
4.490 0.320129513448
4.495 0.319974203244
4.500 0.319819167704
4.505 0.319664406057
4.510 0.319509917534
4.515 0.319355701372
4.520 0.319201756808
4.525 0.319048083083
4.530 0.318894679441
4.535 0.31874154513
4.540 0.318588679398
4.545 0.318436081499
4.550 0.318283750689
4.555 0.318131686226
4.560 0.317979887372
4.565 0.317828353391
4.570 0.31767708355
4.575 0.317526077119
4.580 0.317375333371
4.585 0.317224851582
4.590 0.31707463103
4.595 0.316924670996
4.600 0.316774970765
4.605 0.316625529622
4.610 0.316476346858
4.615 0.316327421765
4.620 0.316178753638
4.625 0.316030341773
4.630 0.315882185473
4.635 0.315734284038
4.640 0.315586636775
4.645 0.315439242993
4.650 0.315292102002
4.655 0.315145213115
4.660 0.314998575649
4.665 0.314852188922
4.670 0.314706052256
4.675 0.314560164974
4.680 0.314414526404
4.685 0.314269135873
4.690 0.314123992713
4.695 0.313979096258
4.700 0.313834445845
4.705 0.313690040813
4.710 0.313545880503
4.715 0.313401964259
4.720 0.313258291427
4.725 0.313114861356
4.730 0.312971673398
4.735 0.312828726906
4.740 0.312686021237
4.745 0.312543555748
4.750 0.312401329801
4.755 0.312259342759
4.760 0.312117593987
4.765 0.311976082854
4.770 0.31183480873
4.775 0.311693770987
4.780 0.311552969
4.785 0.311412402148
4.790 0.311272069808
4.795 0.311131971364
4.800 0.310992106199
4.805 0.3108524737
4.810 0.310713073255
4.815 0.310573904256
4.820 0.310434966094
4.825 0.310296258167
4.830 0.310157779871
4.835 0.310019530606
4.840 0.309881509775
4.845 0.30974371678
4.850 0.309606151029
4.855 0.309468811931
4.860 0.309331698895
4.865 0.309194811334
4.870 0.309058148664
4.875 0.308921710301
4.880 0.308785495665
4.885 0.308649504176
4.890 0.308513735259
4.895 0.308378188338
4.900 0.308242862842
4.905 0.308107758199
4.910 0.307972873841
4.915 0.307838209202
4.920 0.307703763718
4.925 0.307569536825
4.930 0.307435527965
4.935 0.307301736579
4.940 0.30716816211
4.945 0.307034804004
4.950 0.306901661709
4.955 0.306768734674
4.960 0.306636022352
4.965 0.306503524196
4.970 0.30637123966
4.975 0.306239168204
4.980 0.306107309285
4.985 0.305975662366
4.990 0.30584422691
4.995 0.305713002381
5.000 0.305581988247
5.005 0.305429742039
5.010 0.30527772598
5.015 0.305125939496
5.020 0.304974382014
5.025 0.304823052962
5.030 0.304671951772
5.035 0.304521077876
5.040 0.304370430709
5.045 0.304220009707
5.050 0.304069814311
5.055 0.30391984396
5.060 0.303770098098
5.065 0.303620576168
5.070 0.303471277618
5.075 0.303322201896
5.080 0.303173348452
5.085 0.303024716738
5.090 0.30287630621
5.095 0.302728116322
5.100 0.302580146534
5.105 0.302432396303
5.110 0.302284865094
5.115 0.302137552368
5.120 0.301990457591
5.125 0.301843580231
5.130 0.301696919756
5.135 0.301550475638
5.140 0.301404247348
5.145 0.301258234362
5.150 0.301112436156
5.155 0.300966852207
5.160 0.300821481996
5.165 0.300676325005
5.170 0.300531380715
5.175 0.300386648614
5.180 0.300242128186
5.185 0.300097818922
5.190 0.299953720312
5.195 0.299809831847
5.200 0.299666153021
5.205 0.29952268333
5.210 0.299379422271
5.215 0.299236369343
5.220 0.299093524046
5.225 0.298950885883
5.230 0.298808454357
5.235 0.298666228975
5.240 0.298524209243
5.245 0.298382394671
5.250 0.298240784768
5.255 0.298099379048
5.260 0.297958177023
5.265 0.29781717821
5.270 0.297676382126
5.275 0.297535788288
5.280 0.297395396218
5.285 0.297255205437
5.290 0.297115215469
5.295 0.296975425838
5.300 0.296835836072
5.305 0.296696445699
5.310 0.296557254248
5.315 0.29641826125
5.320 0.296279466239
5.325 0.296140868749
5.330 0.296002468316
5.335 0.295864264477
5.340 0.295726256771
5.345 0.295588444739
5.350 0.295450827922
5.355 0.295313405865
5.360 0.295176178112
5.365 0.29503914421
5.370 0.294902303707
5.375 0.294765656152
5.380 0.294629201096
5.385 0.294492938091
5.390 0.294356866692
5.395 0.294220986454
5.400 0.294085296933
5.405 0.293949797688
5.410 0.293814488279
5.415 0.293679368266
5.420 0.293544437211
5.425 0.29340969468
5.430 0.293275140236
5.435 0.293140773448
5.440 0.293006593883
5.445 0.29287260111
5.450 0.2927387947
5.455 0.292605174227
5.460 0.292471739262
5.465 0.292338489382
5.470 0.292205424163
5.475 0.292072543183
5.480 0.29193984602
5.485 0.291807332256
5.490 0.291675001472
5.495 0.29154285325
5.500 0.291410887177
5.505 0.291279102837
5.510 0.291147499818
5.515 0.291016077707
5.520 0.290884836096
5.525 0.290753774574
5.530 0.290622892735
5.535 0.290492190171
5.540 0.290361666479
5.545 0.290231321253
5.550 0.290101154092
5.555 0.289971164594
5.560 0.28984135236
5.565 0.289711716991
5.570 0.289582258089
5.575 0.289452975258
5.580 0.289323868103
5.585 0.28919493623
5.590 0.289066179248
5.595 0.288937596765
5.600 0.28880918839
5.605 0.288680953736
5.610 0.288552892414
5.615 0.288425004038
5.620 0.288297288223
5.625 0.288169744586
5.630 0.288042372743
5.635 0.287915172313
5.640 0.287788142915
5.645 0.287661284171
5.650 0.287534595702
5.655 0.287408077132
5.660 0.287281728085
5.665 0.287155548186
5.670 0.287029537063
5.675 0.286903694342
5.680 0.286778019654
5.685 0.286652512628
5.690 0.286527172895
5.695 0.286402000088
5.700 0.286276993841
5.705 0.286152153788
5.710 0.286027479564
5.715 0.285902970808
5.720 0.285778627156
5.725 0.285654448249
5.730 0.285530433726
5.735 0.285406583229
5.740 0.285282896399
5.745 0.285159372882
5.750 0.285036012321
5.755 0.284912814362
5.760 0.284789778652
5.765 0.284666904838
5.770 0.284544192571
5.775 0.284421641499
5.780 0.284299251274
5.785 0.284177021548
5.790 0.284054951974
5.795 0.283933042207
5.800 0.283811291901
5.805 0.283689700714
5.810 0.283568268302
5.815 0.283446994324
5.820 0.283325878439
5.825 0.283204920309
5.830 0.283084119593
5.835 0.282963475956
5.840 0.28284298906
5.845 0.28272265857
5.850 0.282602484151
5.855 0.28248246547
5.860 0.282362602195
5.865 0.282242893995
5.870 0.282123340538
5.875 0.282003941495
5.880 0.281884696538
5.885 0.281765605339
5.890 0.281646667572
5.895 0.281527882912
5.900 0.281409251033
5.905 0.281290771612
5.910 0.281172444326
5.915 0.281054268854
5.920 0.280936244874
5.925 0.280818372068
5.930 0.280700650116
5.935 0.280583078701
5.940 0.280465657505
5.945 0.280348386212
5.950 0.280231264508
5.955 0.280114292077
5.960 0.279997468608
5.965 0.279880793787
5.970 0.279764267304
5.975 0.279647888847
5.980 0.279531658107
5.985 0.279415574775
5.990 0.279299638545
5.995 0.279183849108
6.000 0.279068206159
6.005 0.278953018398
6.010 0.278837976261
6.015 0.278723079447
6.020 0.278608327652
6.025 0.278493720576
6.030 0.278379257919
6.035 0.278264939381
6.040 0.278150764664
6.045 0.27803673347
6.050 0.277922845503
6.055 0.277809100467
6.060 0.277695498067
6.065 0.277582038009
6.070 0.27746872
6.075 0.277355543746
6.080 0.277242508958
6.085 0.277129615343
6.090 0.277016862612
6.095 0.276904250476
6.100 0.276791778647
6.105 0.276679446837
6.110 0.27656725476
6.115 0.276455202129
6.120 0.276343288661
6.125 0.276231514071
6.130 0.276119878076
6.135 0.276008380393
6.140 0.27589702074
6.145 0.275785798837
6.150 0.275674714404
6.155 0.275563767161
6.160 0.27545295683
6.165 0.275342283133
6.170 0.275231745793
6.175 0.275121344535
6.180 0.275011079082
6.185 0.274900949161
6.190 0.274790954497
6.195 0.274681094818
6.200 0.274571369852
6.205 0.274461779326
6.210 0.274352322971
6.215 0.274243000516
6.220 0.274133811693
6.225 0.274024756232
6.230 0.273915833867
6.235 0.27380704433
6.240 0.273698387355
6.245 0.273589862678
6.250 0.273481470032
6.255 0.273373209155
6.260 0.273265079783
6.265 0.273157081654
6.270 0.273049214506
6.275 0.272941478079
6.280 0.272833872111
6.285 0.272726396344
6.290 0.272619050519
6.295 0.272511834378
6.300 0.272404747663
6.305 0.272297790118
6.310 0.272190961486
6.315 0.272084261514
6.320 0.271977689946
6.325 0.271871246528
6.330 0.271764931008
6.335 0.271658743133
6.340 0.271552682652
6.345 0.271446749313
6.350 0.271340942866
6.355 0.271235263062
6.360 0.271129709652
6.365 0.271024282388
6.370 0.270918981021
6.375 0.270813805306
6.380 0.270708754996
6.385 0.270603829846
6.390 0.27049902961
6.395 0.270394354045
6.400 0.270289802907
6.405 0.270185375954
6.410 0.270081072943
6.415 0.269976893633
6.420 0.269872837783
6.425 0.269768905153
6.430 0.269665095503
6.435 0.269561408595
6.440 0.26945784419
6.445 0.269354402051
6.450 0.269251081941
6.455 0.269147883624
6.460 0.269044806864
6.465 0.268941851426
6.470 0.268839017076
6.475 0.268736303579
6.480 0.268633710704
6.485 0.268531238218
6.490 0.268428885888
6.495 0.268326653484
6.500 0.268224540776
6.505 0.268122547532
6.510 0.268020673524
6.515 0.267918918524
6.520 0.267817282302
6.525 0.267715764632
6.530 0.267614365287
6.535 0.267513084041
6.540 0.267411920667
6.545 0.267310874942
6.550 0.26720994664
6.555 0.267109135537
6.560 0.267008441411
6.565 0.266907864039
6.570 0.266807403198
6.575 0.266707058668
6.580 0.266606830228
6.585 0.266506717656
6.590 0.266406720734
6.595 0.266306839243
6.600 0.266207072964
6.605 0.266107421678
6.610 0.26600788517
6.615 0.265908463221
6.620 0.265809155616
6.625 0.265709962139
6.630 0.265610882575
6.635 0.26551191671
6.640 0.265413064329
6.645 0.26531432522
6.650 0.265215699169
6.655 0.265117185965
6.660 0.265018785395
6.665 0.264920497249
6.670 0.264822321315
6.675 0.264724257385
6.680 0.264626305248
6.685 0.264528464696
6.690 0.26443073552
6.695 0.264333117513
6.700 0.264235610466
6.705 0.264138214175
6.710 0.264040928431
6.715 0.26394375303
6.720 0.263846687767
6.725 0.263749732437
6.730 0.263652886836
6.735 0.26355615076
6.740 0.263459524007
6.745 0.263363006374
6.750 0.263266597659
6.755 0.26317029766
6.760 0.263074106178
6.765 0.262978023011
6.770 0.26288204796
6.775 0.262786180826
6.780 0.262690421409
6.785 0.262594769511
6.790 0.262499224935
6.795 0.262403787483
6.800 0.262308456959
6.805 0.262213233166
6.810 0.262118115909
6.815 0.262023104992
6.820 0.261928200221
6.825 0.261833401401
6.830 0.261738708338
6.835 0.261644120841
6.840 0.261549638715
6.845 0.261455261768
6.850 0.261360989809
6.855 0.261266822647
6.860 0.26117276009
6.865 0.261078801949
6.870 0.260984948033
6.875 0.260891198154
6.880 0.260797552122
6.885 0.26070400975
6.890 0.260610570848
6.895 0.260517235231
6.900 0.26042400271
6.905 0.2603308731
6.910 0.260237846215
6.915 0.260144921869
6.920 0.260052099876
6.925 0.259959380054
6.930 0.259866762216
6.935 0.259774246181
6.940 0.259681831764
6.945 0.259589518783
6.950 0.259497307056
6.955 0.259405196401
6.960 0.259313186636
6.965 0.259221277582
6.970 0.259129469056
6.975 0.259037760881
6.980 0.258946152875
6.985 0.25885464486
6.990 0.258763236657
6.995 0.258671928089
7.000 0.258580718977
7.005 0.258490478802
7.010 0.258400337116
7.015 0.258310293743
7.020 0.258220348507
7.025 0.258130501236
7.030 0.258040751753
7.035 0.257951099887
7.040 0.257861545463
7.045 0.257772088309
7.050 0.257682728253
7.055 0.257593465122
7.060 0.257504298746
7.065 0.257415228953
7.070 0.257326255572
7.075 0.257237378434
7.080 0.257148597368
7.085 0.257059912205
7.090 0.256971322777
7.095 0.256882828914
7.100 0.256794430449
7.105 0.256706127214
7.110 0.256617919042
7.115 0.256529805766
7.120 0.256441787219
7.125 0.256353863235
7.130 0.256266033649
7.135 0.256178298296
7.140 0.25609065701
7.145 0.256003109628
7.150 0.255915655984
7.155 0.255828295917
7.160 0.255741029262
7.165 0.255653855856
7.170 0.255566775538
7.175 0.255479788145
7.180 0.255392893516
7.185 0.255306091489
7.190 0.255219381904
7.195 0.255132764599
7.200 0.255046239416
7.205 0.254959806195
7.210 0.254873464775
7.215 0.254787214999
7.220 0.254701056708
7.225 0.254614989743
7.230 0.254529013947
7.235 0.254443129163
7.240 0.254357335234
7.245 0.254271632003
7.250 0.254186019314
7.255 0.254100497011
7.260 0.254015064938
7.265 0.253929722942
7.270 0.253844470866
7.275 0.253759308557
7.280 0.25367423586
7.285 0.253589252622
7.290 0.253504358691
7.295 0.253419553912
7.300 0.253334838134
7.305 0.253250211204
7.310 0.253165672971
7.315 0.253081223283
7.320 0.25299686199
7.325 0.25291258894
7.330 0.252828403984
7.335 0.252744306971
7.340 0.252660297752
7.345 0.252576376177
7.350 0.252492542099
7.355 0.252408795367
7.360 0.252325135835
7.365 0.252241563354
7.370 0.252158077777
7.375 0.252074678957
7.380 0.251991366747
7.385 0.251908141001
7.390 0.251825001572
7.395 0.251741948315
7.400 0.251658981085
7.405 0.251576099736
7.410 0.251493304124
7.415 0.251410594105
7.420 0.251327969534
7.425 0.251245430268
7.430 0.251162976164
7.435 0.251080607078
7.440 0.250998322868
7.445 0.250916123393
7.450 0.250834008508
7.455 0.250751978074
7.460 0.250670031949
7.465 0.250588169992
7.470 0.250506392062
7.475 0.250424698019
7.480 0.250343087723
7.485 0.250261561035
7.490 0.250180117814
7.495 0.250098757922
7.500 0.250017481221
7.505 0.249936287572
7.510 0.249855176837
7.515 0.249774148879
7.520 0.249693203559
7.525 0.249612340741
7.530 0.249531560289
7.535 0.249450862065
7.540 0.249370245934
7.545 0.24928971176
7.550 0.249209259407
7.555 0.249128888741
7.560 0.249048599626
7.565 0.248968391928
7.570 0.248888265512
7.575 0.248808220246
7.580 0.248728255995
7.585 0.248648372625
7.590 0.248568570005
7.595 0.248488848001
7.600 0.248409206481
7.605 0.248329645313
7.610 0.248250164365
7.615 0.248170763506
7.620 0.248091442605
7.625 0.24801220153
7.630 0.247933040151
7.635 0.247853958338
7.640 0.247774955961
7.645 0.247696032891
7.650 0.247617188998
7.655 0.247538424152
7.660 0.247459738226
7.665 0.247381131091
7.670 0.247302602618
7.675 0.24722415268
7.680 0.247145781149
7.685 0.247067487898
7.690 0.2469892728
7.695 0.246911135727
7.700 0.246833076555
7.705 0.246755095156
7.710 0.246677191405
7.715 0.246599365176
7.720 0.246521616344
7.725 0.246443944784
7.730 0.246366350371
7.735 0.246288832981
7.740 0.24621139249
7.745 0.246134028773
7.750 0.246056741708
7.755 0.24597953117
7.760 0.245902397038
7.765 0.245825339187
7.770 0.245748357497
7.775 0.245671451843
7.780 0.245594622106
7.785 0.245517868162
7.790 0.245441189891
7.795 0.245364587171
7.800 0.245288059882
7.805 0.245211607903
7.810 0.245135231114
7.815 0.245058929395
7.820 0.244982702626
7.825 0.244906550687
7.830 0.24483047346
7.835 0.244754470826
7.840 0.244678542665
7.845 0.24460268886
7.850 0.244526909292
7.855 0.244451203843
7.860 0.244375572396
7.865 0.244300014834
7.870 0.244224531039
7.875 0.244149120894
7.880 0.244073784283
7.885 0.24399852109
7.890 0.243923331199
7.895 0.243848214494
7.900 0.243773170858
7.905 0.243698200178
7.910 0.243623302338
7.915 0.243548477223
7.920 0.243473724719
7.925 0.243399044711
7.930 0.243324437085
7.935 0.243249901728
7.940 0.243175438527
7.945 0.243101047367
7.950 0.243026728136
7.955 0.242952480722
7.960 0.242878305011
7.965 0.242804200891
7.970 0.242730168251
7.975 0.242656206979
7.980 0.242582316962
7.985 0.242508498091
7.990 0.242434750253
7.995 0.242361073338
8.000 0.242287467236
8.005 0.242210837756
8.010 0.242134280743
8.015 0.242057796085
8.020 0.241981383668
8.025 0.241905043381
8.030 0.241828775113
8.035 0.241752578751
8.040 0.241676454184
8.045 0.241600401301
8.050 0.241524419993
8.055 0.241448510147
8.060 0.241372671653
8.065 0.241296904402
8.070 0.241221208284
8.075 0.241145583188
8.080 0.241070029007
8.085 0.24099454563
8.090 0.240919132948
8.095 0.240843790853
8.100 0.240768519237
8.105 0.240693317992
8.110 0.240618187008
8.115 0.240543126179
8.120 0.240468135398
8.125 0.240393214556
8.130 0.240318363547
8.135 0.240243582264
8.140 0.2401688706
8.145 0.24009422845
8.150 0.240019655706
8.155 0.239945152264
8.160 0.239870718017
8.165 0.23979635286
8.170 0.239722056688
8.175 0.239647829396
8.180 0.239573670878
8.185 0.239499581031
8.190 0.239425559751
8.195 0.239351606933
8.200 0.239277722472
8.205 0.239203906267
8.210 0.239130158212
8.215 0.239056478206
8.220 0.238982866145
8.225 0.238909321926
8.230 0.238835845446
8.235 0.238762436604
8.240 0.238689095298
8.245 0.238615821424
8.250 0.238542614883
8.255 0.238469475571
8.260 0.238396403389
8.265 0.238323398235
8.270 0.238250460007
8.275 0.238177588607
8.280 0.238104783932
8.285 0.238032045884
8.290 0.237959374361
8.295 0.237886769265
8.300 0.237814230496
8.305 0.237741757954
8.310 0.23766935154
8.315 0.237597011156
8.320 0.237524736702
8.325 0.237452528081
8.330 0.237380385193
8.335 0.237308307941
8.340 0.237236296227
8.345 0.237164349954
8.350 0.237092469023
8.355 0.237020653337
8.360 0.2369489028
8.365 0.236877217315
8.370 0.236805596785
8.375 0.236734041113
8.380 0.236662550203
8.385 0.23659112396
8.390 0.236519762286
8.395 0.236448465088
8.400 0.236377232269
8.405 0.236306063733
8.410 0.236234959387
8.415 0.236163919135
8.420 0.236092942882
8.425 0.236022030534
8.430 0.235951181997
8.435 0.235880397177
8.440 0.235809675979
8.445 0.23573901831
8.450 0.235668424077
8.455 0.235597893186
8.460 0.235527425545
8.465 0.235457021059
8.470 0.235386679638
8.475 0.235316401187
8.480 0.235246185615
8.485 0.23517603283
8.490 0.235105942739
8.495 0.235035915252
8.500 0.234965950275
8.505 0.23489575196
8.510 0.234825616137
8.515 0.234755542715
8.520 0.234685531604
8.525 0.234615582713
8.530 0.23454569595
8.535 0.234475871226
8.540 0.23440610845
8.545 0.234336407531
8.550 0.234266768381
8.555 0.234197190909
8.560 0.234127675026
8.565 0.234058220643
8.570 0.233988827669
8.575 0.233919496017
8.580 0.233850225597
8.585 0.23378101632
8.590 0.233711868099
8.595 0.233642780845
8.600 0.23357375447
8.605 0.233504788885
8.610 0.233435884004
8.615 0.233367039738
8.620 0.233298256
8.625 0.233229532704
8.630 0.233160869761
8.635 0.233092267085
8.640 0.23302372459
8.645 0.232955242188
8.650 0.232886819794
8.655 0.232818457321
8.660 0.232750154684
8.665 0.232681911796
8.670 0.232613728572
8.675 0.232545604927
8.680 0.232477540774
8.685 0.23240953603
8.690 0.232341590609
8.695 0.232273704426
8.700 0.232205877396
8.705 0.232138109436
8.710 0.232070400461
8.715 0.232002750387
8.720 0.231935159129
8.725 0.231867626605
8.730 0.231800152731
8.735 0.231732737422
8.740 0.231665380596
8.745 0.231598082171
8.750 0.231530842062
8.755 0.231463660187
8.760 0.231396536463
8.765 0.231329470809
8.770 0.231262463141
8.775 0.231195513378
8.780 0.231128621438
8.785 0.231061787239
8.790 0.230995010699
8.795 0.230928291737
8.800 0.230861630272
8.805 0.230795026223
8.810 0.230728479507
8.815 0.230661990046
8.820 0.230595557757
8.825 0.230529182562
8.830 0.230462864378
8.835 0.230396603127
8.840 0.230330398727
8.845 0.2302642511
8.850 0.230198160166
8.855 0.230132125845
8.860 0.230066148057
8.865 0.230000226723
8.870 0.229934361766
8.875 0.229868553104
8.880 0.22980280066
8.885 0.229737104356
8.890 0.229671464112
8.895 0.22960587985
8.900 0.229540351493
8.905 0.229474878962
8.910 0.229409462179
8.915 0.229344101068
8.920 0.229278795549
8.925 0.229213545547
8.930 0.229148350983
8.935 0.229083211781
8.940 0.229018127863
8.945 0.228953099154
8.950 0.228888125575
8.955 0.228823207052
8.960 0.228758343507
8.965 0.228693534865
8.970 0.228628781049
8.975 0.228564081983
8.980 0.228499437593
8.985 0.228434847801
8.990 0.228370312533
8.995 0.228305831714
