0.500 1.07958342451
0.505 1.07427129792
0.510 1.0690777398
0.515 1.06399858553
0.520 1.05902988459
0.525 1.0541678863
0.530 1.04940902667
0.535 1.04474991635
0.540 1.04018732954
0.545 1.03571819372
0.550 1.03133958021
0.555 1.02704869542
0.560 1.02284287279
0.565 1.01871956525
0.570 1.01467633831
0.575 1.01071086359
0.580 1.00682091282
0.585 1.00300435227
0.590 0.999259137514
0.595 0.995583308633
0.600 0.991974985653
0.605 0.98794708534
0.610 0.983985063833
0.615 0.980087173455
0.620 0.976251733785
0.625 0.972477128277
0.630 0.968761801094
0.635 0.965104254133
0.640 0.961503044231
0.645 0.957956780531
0.650 0.954464122016
0.655 0.95102377517
0.660 0.947634491792
0.665 0.944295066917
0.670 0.941004336867
0.675 0.937761177405
0.680 0.93456450199
0.685 0.93141326013
0.690 0.928306435821
0.695 0.925243046072
0.700 0.922222139506
0.705 0.918934065286
0.710 0.915688117755
0.715 0.912483396142
0.720 0.909319027389
0.725 0.906194165035
0.730 0.903107988156
0.735 0.90005970036
0.740 0.897048528829
0.745 0.894073723405
0.750 0.891134555724
0.755 0.888230318385
0.760 0.885360324168
0.765 0.882523905276
0.770 0.879720412619
0.775 0.876949215132
0.780 0.87420969912
0.785 0.871501267632
0.790 0.868823339865
0.795 0.866175350594
0.800 0.863556749628
0.805 0.860967001285
0.810 0.858405583893
0.815 0.855871989314
0.820 0.853365722484
0.825 0.850886300971
0.830 0.848433254562
0.835 0.846006124851
0.840 0.843604464856
0.845 0.841227838648
0.850 0.838875820993
0.855 0.83654799701
0.860 0.834243961844
0.865 0.831963320346
0.870 0.829705686774
0.875 0.827470684497
0.880 0.825257945718
0.885 0.823067111201
0.890 0.820897830013
0.895 0.818749759274
0.900 0.816622563914
0.905 0.814797123397
0.910 0.812991148712
0.915 0.811204344824
0.920 0.809436423294
0.925 0.80768710209
0.930 0.8059561054
0.935 0.804243163459
0.940 0.802548012375
0.945 0.800870393965
0.950 0.799210055596
0.955 0.797566750033
0.960 0.795940235286
0.965 0.794330274472
0.970 0.792736635671
0.975 0.791159091798
0.980 0.789597420469
0.985 0.788051403876
0.990 0.78652082867
0.995 0.78500548584
1.000 0.783505170601
1.005 0.781520290516
1.010 0.779551458957
1.015 0.777598457145
1.020 0.77566107055
1.025 0.773739088775
1.030 0.771832305457
1.035 0.769940518167
1.040 0.768063528307
1.045 0.766201141023
1.050 0.764353165107
1.055 0.762519412909
1.060 0.760699700256
1.065 0.758893846362
1.070 0.757101673749
1.075 0.755323008169
1.080 0.753557678527
1.085 0.751805516807
1.090 0.750066357999
1.095 0.748340040031
1.100 0.746626403698
1.105 0.744925292598
1.110 0.743236553068
1.115 0.741560034121
1.120 0.739895587384
1.125 0.738243067044
1.130 0.736602329782
1.135 0.734973234728
1.140 0.733355643398
1.145 0.731749419645
1.150 0.730154429609
1.155 0.728570541663
1.160 0.72699762637
1.165 0.725435556431
1.170 0.723884206641
1.175 0.722343453844
1.180 0.72081317689
1.185 0.719293256591
1.190 0.717783575683
1.195 0.716284018781
1.200 0.714794472344
1.205 0.713314824634
1.210 0.711844965679
1.215 0.710384787241
1.220 0.708934182773
1.225 0.707493047391
1.230 0.706061277838
1.235 0.704638772451
1.240 0.703225431129
1.245 0.701821155302
1.250 0.700425847903
1.255 0.699039413333
1.260 0.697661757437
1.265 0.696292787473
1.270 0.694932412087
1.275 0.693580541282
1.280 0.692237086397
1.285 0.690901960077
1.290 0.689575076249
1.295 0.688256350099
1.300 0.686945698048
1.305 0.685643037727
1.310 0.684348287955
1.315 0.683061368719
1.320 0.681782201147
1.325 0.680510707492
1.330 0.67924681111
1.335 0.677990436438
1.340 0.676741508976
1.345 0.675499955264
1.350 0.674265702871
1.355 0.673038680367
1.360 0.671818817312
1.365 0.670606044235
1.370 0.669400292615
1.375 0.668201494871
1.380 0.667009584337
1.385 0.665824495252
1.390 0.664646162739
1.395 0.663474522797
1.400 0.662309512277
1.405 0.661151068873
1.410 0.659999131106
1.415 0.658853638309
1.420 0.657714530614
1.425 0.656581748938
1.430 0.655455234969
1.435 0.654334931157
1.440 0.653220780692
1.445 0.652112727504
1.450 0.651010716238
1.455 0.649914692253
1.460 0.648824601603
1.465 0.647740391027
1.470 0.64666200794
1.475 0.64558940042
1.480 0.644522517199
1.485 0.643461307648
1.490 0.642405721773
1.495 0.641355710198
1.500 0.640311224161
1.505 0.639272215501
1.510 0.638238636648
1.515 0.637210440616
1.520 0.636187580991
1.525 0.635170011924
1.530 0.634157688121
1.535 0.633150564836
1.540 0.63214859786
1.545 0.631151743513
1.550 0.630159958639
1.555 0.629173200592
1.560 0.628191427235
1.565 0.627214596928
1.570 0.62624266852
1.575 0.625275601343
1.580 0.624313355206
1.585 0.623355890385
1.590 0.622403167617
1.595 0.621455148095
1.600 0.620511793456
1.605 0.619573065782
1.610 0.618638927586
1.615 0.617709341811
1.620 0.616784271821
1.625 0.615863681394
1.630 0.614947534718
1.635 0.614035796384
1.640 0.613128431383
1.645 0.612225405093
1.650 0.611326683282
1.655 0.610432232095
1.660 0.609542018056
1.665 0.608656008054
1.670 0.607774169345
1.675 0.606896469545
1.680 0.606022876621
1.685 0.605153358891
1.690 0.604287885017
1.695 0.603426423999
1.700 0.602568945174
1.705 0.601715418207
1.710 0.600865813087
1.715 0.600020100127
1.720 0.599178249955
1.725 0.598340233509
1.730 0.597506022037
1.735 0.596675587091
1.740 0.595848900519
1.745 0.595025934469
1.750 0.594206661376
1.755 0.593391053964
1.760 0.592579085241
1.765 0.591770728495
1.770 0.590965957288
1.775 0.590164745456
1.780 0.589367067103
1.785 0.588572896597
1.790 0.587782208571
1.795 0.586994977911
1.800 0.586211179762
1.805 0.585430789518
1.810 0.584653782823
1.815 0.583880135563
1.820 0.58310982387
1.825 0.58234282411
1.830 0.581579112887
1.835 0.580818667037
1.840 0.580061463626
1.845 0.579307479945
1.850 0.57855669351
1.855 0.577809082057
1.860 0.577064623542
1.865 0.576323296132
1.870 0.575585078212
1.875 0.574849948372
1.880 0.574117885412
1.885 0.573388868336
1.890 0.57266287635
1.895 0.57193988886
1.900 0.571219885468
1.905 0.570502845971
1.910 0.56978875036
1.915 0.569077578813
1.920 0.568369311698
1.925 0.567663929568
1.930 0.566961413158
1.935 0.566261743384
1.940 0.565564901342
1.945 0.564870868301
1.950 0.56417962571
1.955 0.563491155184
1.960 0.562805438514
1.965 0.562122457654
1.970 0.561442194728
1.975 0.560764632021
1.980 0.560089751984
1.985 0.559417537225
1.990 0.558747970512
1.995 0.55808103477
2.000 0.557416713076
2.005 0.556744827695
2.010 0.556075544629
2.015 0.555408847278
2.020 0.55474471919
2.025 0.554083144061
2.030 0.553424105731
2.035 0.552767588185
2.040 0.552113575549
2.045 0.551462052091
2.050 0.550813002216
2.055 0.550166410468
2.060 0.549522261524
2.065 0.548880540199
2.070 0.548241231437
2.075 0.547604320315
2.080 0.54696979204
2.085 0.546337631945
2.090 0.545707825492
2.095 0.545080358268
2.100 0.544455215984
2.105 0.543832384471
2.110 0.543211849686
2.115 0.542593597701
2.120 0.541977614711
2.125 0.541363887024
2.130 0.540752401068
2.135 0.540143143383
2.140 0.539536100623
2.145 0.538931259556
2.150 0.538328607058
2.155 0.537728130116
2.160 0.537129815828
2.165 0.536533651396
2.170 0.535939624131
2.175 0.535347721447
2.180 0.534757930863
2.185 0.534170240001
2.190 0.533584636586
2.195 0.533001108441
2.200 0.532419643492
2.205 0.53184022976
2.210 0.531262855367
2.215 0.530687508529
2.220 0.53011417756
2.225 0.529542850866
2.230 0.528973516949
2.235 0.528406164401
2.240 0.527840781909
2.245 0.527277358247
2.250 0.526715882282
2.255 0.526156342967
2.260 0.525598729346
2.265 0.525043030547
2.270 0.524489235786
2.275 0.523937334364
2.280 0.523387315665
2.285 0.522839169159
2.290 0.522292884397
2.295 0.521748451012
2.300 0.521205858718
2.305 0.520665097309
2.310 0.52012615666
2.315 0.519589026722
2.320 0.519053697527
2.325 0.51852015918
2.330 0.517988401866
2.335 0.517458415844
2.340 0.516930191447
2.345 0.516403719083
2.350 0.515878989234
2.355 0.515355992452
2.360 0.514834719364
2.365 0.514315160665
2.370 0.513797307125
2.375 0.513281149578
2.380 0.512766678931
2.385 0.512253886159
2.390 0.511742762303
2.395 0.511233298473
2.400 0.510725485845
2.405 0.510219315661
2.410 0.509714779226
2.415 0.509211867912
2.420 0.508710573154
2.425 0.508210886452
2.430 0.507712799366
2.435 0.507216303519
2.440 0.506721390597
2.445 0.506228052345
2.450 0.50573628057
2.455 0.505246067138
2.460 0.504757403973
2.465 0.504270283061
2.470 0.503784696444
2.475 0.50330063622
2.480 0.502818094548
2.485 0.502337063639
2.490 0.501857535765
2.495 0.501379503249
2.500 0.500902958472
2.505 0.500427893867
2.510 0.499954301924
2.515 0.499482175184
2.520 0.499011506241
2.525 0.498542287743
2.530 0.498074512389
2.535 0.497608172931
2.540 0.497143262169
2.545 0.496679772957
2.550 0.496217698196
2.555 0.49575703084
2.560 0.495297763891
2.565 0.494839890397
2.570 0.494383403459
2.575 0.493928296223
2.580 0.493474561883
2.585 0.493022193681
2.590 0.492571184905
2.595 0.492121528888
2.600 0.491673219011
2.605 0.491226248699
2.610 0.490780611424
2.615 0.4903363007
2.620 0.489893310086
2.625 0.489451633186
2.630 0.489011263647
2.635 0.488572195159
2.640 0.488134421453
2.645 0.487697936305
2.650 0.487262733533
2.655 0.486828806993
2.660 0.486396150587
2.665 0.485964758254
2.670 0.485534623976
2.675 0.485105741774
2.680 0.48467810571
2.685 0.484251709884
2.690 0.483826548435
2.695 0.483402615544
2.700 0.482979905426
2.705 0.482558412337
2.710 0.48213813057
2.715 0.481719054457
2.720 0.481301178365
