0.500 0.858728730937
0.505 0.854503327306
0.510 0.850372236117
0.515 0.846332144722
0.520 0.842379910783
0.525 0.838512550902
0.530 0.834727230195
0.535 0.831021252688
0.540 0.827392052488
0.545 0.823837185635
0.550 0.82035432258
0.555 0.816941241235
0.560 0.813595820536
0.565 0.810316034489
0.570 0.807099946635
0.575 0.80394570492
0.580 0.800851536919
0.585 0.797815745403
0.590 0.794836704192
0.595 0.791912854309
0.600 0.789042700374
0.605 0.785838803717
0.610 0.782687308776
0.615 0.779586825403
0.620 0.776536016947
0.625 0.773533597565
0.630 0.770578329705
0.635 0.767669021737
0.640 0.764804525729
0.645 0.76198373536
0.650 0.759205583949
0.655 0.7564690426
0.660 0.753773118461
0.665 0.751116853072
0.670 0.748499320813
0.675 0.745919627437
0.680 0.743376908681
0.685 0.740870328956
0.690 0.738399080106
0.695 0.735962380235
0.700 0.733559472592
0.705 0.73094405285
0.710 0.728362141771
0.715 0.72581302286
0.720 0.723296001663
0.725 0.720810404882
0.730 0.718355579535
0.735 0.715930892151
0.740 0.713535728008
0.745 0.711169490413
0.750 0.708831600004
0.755 0.706521494099
0.760 0.704238626063
0.765 0.701982464714
0.770 0.699752493748
0.775 0.697548211201
0.780 0.695369128923
0.785 0.693214772083
0.790 0.691084678696
0.795 0.688978399168
0.800 0.686895495862
0.805 0.684835542682
0.810 0.682798124677
0.815 0.680782837662
0.820 0.678789287848
0.825 0.676817091499
0.830 0.674865874592
0.835 0.672935272501
0.840 0.671024929685
0.845 0.669134499394
0.850 0.667263643386
0.855 0.665412031654
0.860 0.663579342165
0.865 0.661765260609
0.870 0.659969480154
0.875 0.658191701221
0.880 0.656431631252
0.885 0.654688984504
0.890 0.652963481834
0.895 0.651254850507
0.900 0.649562823999
0.905 0.64811082114
0.910 0.64667430191
0.915 0.645253031631
0.920 0.643846780871
0.925 0.642455325293
0.930 0.641078445511
0.935 0.639715926945
0.940 0.638367559689
0.945 0.637033138378
0.950 0.635712462062
0.955 0.634405334082
0.960 0.633111561954
0.965 0.631830957255
0.970 0.630563335509
0.975 0.629308516088
0.980 0.6280663221
0.985 0.626836580298
0.990 0.625619120976
0.995 0.624413777882
1.000 0.623220388123
1.005 0.621641562887
1.010 0.620075503064
1.015 0.618522034634
1.020 0.616980986953
1.025 0.615452192668
1.030 0.61393548763
1.035 0.612430710822
1.040 0.610937704276
1.045 0.609456312998
1.050 0.607986384896
1.055 0.606527770711
1.060 0.605080323945
1.065 0.603643900795
1.070 0.602218360092
1.075 0.600803563235
1.080 0.599399374129
1.085 0.598005659131
1.090 0.596622286988
1.095 0.595249128782
1.100 0.593886057879
1.105 0.592532949872
1.110 0.591189682533
1.115 0.589856135764
1.120 0.588532191545
1.125 0.587217733892
1.130 0.585912648806
1.135 0.584616824234
1.140 0.583330150024
1.145 0.58205251788
1.150 0.580783821327
1.155 0.579523955665
1.160 0.578272817937
1.165 0.577030306885
1.170 0.575796322918
1.175 0.574570768075
1.180 0.573353545991
1.185 0.572144561859
1.190 0.570943722405
1.195 0.569750935848
1.200 0.568566111876
1.205 0.567389161608
1.210 0.566219997571
1.215 0.565058533668
1.220 0.563904685151
1.225 0.562758368591
1.230 0.561619501855
1.235 0.560488004077
1.240 0.559363795634
1.245 0.558246798123
1.250 0.557136934332
1.255 0.55603412822
1.260 0.554938304894
1.265 0.553849390584
1.270 0.552767312625
1.275 0.551691999431
1.280 0.550623380478
1.285 0.549561386282
1.290 0.548505948379
1.295 0.547456999305
1.300 0.54641447258
1.305 0.545378302684
1.310 0.544348425045
1.315 0.543324776017
1.320 0.542307292865
1.325 0.541295913747
1.330 0.540290577696
1.335 0.53929122461
1.340 0.538297795227
1.345 0.537310231118
1.350 0.536328474667
1.355 0.535352469058
1.360 0.534382158261
1.365 0.533417487016
1.370 0.532458400822
1.375 0.531504845921
1.380 0.530556769286
1.385 0.529614118608
1.390 0.528676842285
1.395 0.527744889406
1.400 0.526818209742
1.405 0.525896753732
1.410 0.524980472476
1.415 0.524069317716
1.420 0.523163241832
1.425 0.522262197828
1.430 0.521366139322
1.435 0.520475020536
1.440 0.519588796282
1.445 0.518707421961
1.450 0.517830853542
1.455 0.516959047561
1.460 0.51609196111
1.465 0.515229551822
1.470 0.514371777871
1.475 0.513518597956
1.480 0.512669971297
1.485 0.511825857623
1.490 0.510986217167
1.495 0.510151010654
1.500 0.509320199298
1.505 0.50849374479
1.510 0.507671609292
1.515 0.506853755429
1.520 0.506040146283
1.525 0.505230745385
1.530 0.504425516707
1.535 0.503624424655
1.540 0.502827434065
1.545 0.502034510194
1.550 0.501245618713
1.555 0.500460725702
1.560 0.499679797642
1.565 0.498902801413
1.570 0.498129704282
1.575 0.4973604739
1.580 0.496595078299
1.585 0.495833485881
1.590 0.495075665416
1.595 0.494321586034
1.600 0.493571217222
1.605 0.492824528818
1.610 0.492081491004
1.615 0.491342074305
1.620 0.490606249577
1.625 0.489873988011
1.630 0.48914526112
1.635 0.48842004074
1.640 0.487698299021
1.645 0.486980008426
1.650 0.486265141726
1.655 0.485553671992
1.660 0.484845572594
1.665 0.484140817197
1.670 0.483439379756
1.675 0.48274123451
1.680 0.48204635598
1.685 0.481354718965
1.690 0.480666298539
1.695 0.479981070043
1.700 0.479299009086
1.705 0.47862009154
1.710 0.477944293533
1.715 0.477271591452
1.720 0.476601961932
1.725 0.475935381858
1.730 0.475271828359
1.735 0.474611278807
1.740 0.47395371081
1.745 0.473299102211
1.750 0.472647431087
1.755 0.471998675742
1.760 0.471352814704
1.765 0.470709826727
1.770 0.47006969078
1.775 0.469432386053
1.780 0.468797891947
1.785 0.468166188074
1.790 0.467537254255
1.795 0.466911070516
1.800 0.466287617085
1.805 0.465666874391
1.810 0.465048823059
1.815 0.46443344391
1.820 0.463820717957
1.825 0.463210626401
1.830 0.462603150634
1.835 0.461998272229
1.840 0.461395972944
1.845 0.460796234717
1.850 0.460199039662
1.855 0.459604370071
1.860 0.459012208407
1.865 0.458422537307
1.870 0.457835339576
1.875 0.457250598184
1.880 0.456668296268
1.885 0.456088417127
1.890 0.455510944222
1.895 0.45493586117
1.900 0.454363151748
1.905 0.453792799885
1.910 0.453224789666
1.915 0.452659105323
1.920 0.452095731242
1.925 0.451534651951
1.930 0.450975852129
1.935 0.450419316596
1.940 0.449865030314
1.945 0.449312978385
1.950 0.448763146051
1.955 0.448215518691
1.960 0.447670081819
1.965 0.447126821082
1.970 0.44658572226
1.975 0.446046771263
1.980 0.445509954131
1.985 0.44497525703
1.990 0.444442666255
1.995 0.443912168221
2.000 0.443383749469
2.005 0.442849314365
2.010 0.442316949209
2.015 0.441786640799
2.020 0.441258376046
2.025 0.440732141984
2.030 0.440207925758
2.035 0.439685714628
2.040 0.43916549597
2.045 0.438647257268
2.050 0.438130986119
2.055 0.437616670227
2.060 0.437104297407
2.065 0.436593855576
2.070 0.436085332761
2.075 0.435578717092
2.080 0.4350739968
2.085 0.434571160221
2.090 0.43407019579
2.095 0.433571092043
2.100 0.433073837613
2.105 0.432578421231
2.110 0.432084831725
2.115 0.431593058018
2.120 0.431103089129
2.125 0.430614914167
2.130 0.430128522335
2.135 0.429643902928
2.140 0.429161045331
2.145 0.428679939017
2.150 0.428200573547
2.155 0.427722938572
2.160 0.427247023828
2.165 0.426772819136
2.170 0.426300314401
2.175 0.425829499613
2.180 0.425360364845
2.185 0.42489290025
2.190 0.424427096065
2.195 0.423962942604
2.200 0.423500430261
2.205 0.423039549511
2.210 0.422580290904
2.215 0.422122645067
2.220 0.421666602704
2.225 0.421212154595
2.230 0.420759291591
2.235 0.42030800462
2.240 0.419858284683
2.245 0.41941012285
2.250 0.418963510266
2.255 0.418518438144
2.260 0.418074897769
2.265 0.417632880493
2.270 0.417192377738
2.275 0.416753380995
2.280 0.416315881818
2.285 0.415879871833
2.290 0.415445342726
2.295 0.415012286253
2.300 0.414580694232
2.305 0.414150558545
2.310 0.413721871137
2.315 0.413294624017
2.320 0.412868809253
2.325 0.412444418977
2.330 0.412021445381
2.335 0.411599880716
2.340 0.411179717294
2.345 0.410760947485
2.350 0.410343563717
2.355 0.409927558476
2.360 0.409512924306
2.365 0.409099653806
2.370 0.408687739632
2.375 0.408277174497
2.380 0.407867951165
2.385 0.407460062459
2.390 0.407053501252
2.395 0.406648260473
2.400 0.406244333103
2.405 0.405841712174
2.410 0.405440390773
2.415 0.405040362036
2.420 0.404641619149
2.425 0.404244155352
2.430 0.40384796393
2.435 0.403453038222
2.440 0.403059371613
2.445 0.402666957538
2.450 0.40227578948
2.455 0.401885860968
2.460 0.401497165579
2.465 0.401109696938
2.470 0.400723448714
2.475 0.400338414624
2.480 0.399954588429
2.485 0.399571963935
2.490 0.399190534993
2.495 0.398810295499
2.500 0.39843123939
2.505 0.39805336065
2.510 0.397676653302
2.515 0.397301111415
2.520 0.396926729098
2.525 0.396553500502
2.530 0.396181419821
2.535 0.395810481288
2.540 0.395440679178
2.545 0.395072007805
2.550 0.394704461525
2.555 0.39433803473
2.560 0.393972721854
2.565 0.393608517371
2.570 0.393245415789
2.575 0.392883411658
2.580 0.392522499565
2.585 0.392162674133
2.590 0.391803930023
2.595 0.391446261934
2.600 0.391089664599
2.605 0.39073413279
2.610 0.390379661312
2.615 0.390026245007
2.620 0.389673878753
2.625 0.389322557461
2.630 0.388972276077
2.635 0.388623029583
2.640 0.388274812993
2.645 0.387927621356
2.650 0.387581449753
2.655 0.387236293299
2.660 0.386892147142
2.665 0.386549006462
2.670 0.386206866471
2.675 0.385865722415
2.680 0.385525569568
2.685 0.38518640324
2.690 0.384848218767
2.695 0.38451101152
2.700 0.3841747769
2.705 0.383839510336
2.710 0.383505207289
2.715 0.38317186325
2.720 0.382839473739
