3.240 3.22972262311
3.245 3.22744521232
3.250 3.22517330383
3.255 3.22290687623
3.260 3.2206459082
3.265 3.21839037857
3.270 3.21614026625
3.275 3.2138955503
3.280 3.21165620986
3.285 3.20942222421
3.290 3.20719357273
3.295 3.20497023491
3.300 3.20275219034
3.305 3.20030610625
3.310 3.19786560618
3.315 3.1954306689
3.320 3.19300127327
3.325 3.1905773983
3.330 3.18815902307
3.335 3.1857461268
3.340 3.18333868882
3.345 3.18093668855
3.350 3.17854010553
3.355 3.17614891941
3.360 3.17376310994
3.365 3.17138265699
3.370 3.16900754052
3.375 3.1666377406
3.380 3.16427323742
3.385 3.16191401125
3.390 3.15956004247
3.395 3.15721131158
3.400 3.15486779915
3.405 3.15234529869
3.410 3.14982820713
3.415 3.14731650454
3.420 3.14481017109
3.425 3.14230918705
3.430 3.13981353277
3.435 3.13732318875
3.440 3.13483813554
3.445 3.13235835382
3.450 3.12988382436
3.455 3.12741452803
3.460 3.12495044579
3.465 3.1224915587
3.470 3.12003784793
3.475 3.11758929474
3.480 3.11514588046
3.485 3.11270758655
3.490 3.11027439454
3.495 3.10784628607
3.500 3.10542324286
3.505 3.10300524673
3.510 3.10059227958
3.515 3.09818432341
3.520 3.09578136032
3.525 3.09338337248
3.530 3.09099034215
3.535 3.0886022517
3.540 3.08621908358
3.545 3.0838408203
3.550 3.08146744449
3.555 3.07909893885
3.560 3.07673528618
3.565 3.07437646935
3.570 3.07202247132
3.575 3.06967327513
3.580 3.06732886392
3.585 3.06498922089
3.590 3.06265432934
3.595 3.06032417264
3.600 3.05799873425
3.605 3.0556779977
3.610 3.05336194662
3.615 3.05105056471
3.620 3.04874383573
3.625 3.04644174356
3.630 3.04414427211
3.635 3.04185140541
3.640 3.03956312755
3.645 3.03727942269
3.650 3.03500027508
3.655 3.03272566904
3.660 3.03045558895
3.665 3.0281900193
3.670 3.02592894463
3.675 3.02367234955
3.680 3.02142021877
3.685 3.01917253704
3.690 3.0169292892
3.695 3.01469046018
3.700 3.01245603494
3.705 3.01047913667
3.710 3.00850632245
3.715 3.00653757842
3.720 3.00457289081
3.725 3.0026122459
3.730 3.00065563004
3.735 2.99870302965
3.740 2.9967544312
3.745 2.99480982125
3.750 2.99286918638
3.755 2.99093251328
3.760 2.98899978868
3.765 2.98707099936
3.770 2.98514613219
3.775 2.98322517409
3.780 2.98130811203
3.785 2.97939493305
3.790 2.97748562425
3.795 2.9755801728
3.800 2.9736785659
3.805 2.97178079086
3.810 2.96988683499
3.815 2.9679966857
3.820 2.96611033044
3.825 2.96422775673
3.830 2.96234895213
3.835 2.96047390429
3.840 2.95860260087
3.845 2.95673502963
3.850 2.95487117835
3.855 2.9530110349
3.860 2.95115458719
3.865 2.94930182317
3.870 2.94745273088
3.875 2.94560729838
3.880 2.9437655138
3.885 2.94192736532
3.890 2.94009284119
3.895 2.93826192969
3.900 2.93643461916
3.905 2.934610898
3.910 2.93279075466
3.915 2.93097417764
3.920 2.92916115549
3.925 2.92735167681
3.930 2.92554573026
3.935 2.92374330454
3.940 2.92194438842
3.945 2.92014897069
3.950 2.91835704021
3.955 2.9165685859
3.960 2.9147835967
3.965 2.91300206163
3.970 2.91122396972
3.975 2.9094493101
3.980 2.90767807191
3.985 2.90591024435
3.990 2.90414581666
3.995 2.90238477814
4.000 2.90062711813
4.005 2.89912269836
4.010 2.89762135567
4.015 2.89612308037
4.020 2.89462786283
4.025 2.89313569345
4.030 2.89164656267
4.035 2.89016046097
4.040 2.88867737889
4.045 2.88719730698
4.050 2.88572023587
4.055 2.8842461562
4.060 2.88277505866
4.065 2.88130693399
4.070 2.87984177296
4.075 2.87837956638
4.080 2.87692030511
4.085 2.87546398003
4.090 2.87401058208
4.095 2.87256010223
4.100 2.8711125315
4.105 2.86966786092
4.110 2.8682260816
4.115 2.86678718464
4.120 2.86535116123
4.125 2.86391800256
4.130 2.86248769987
4.135 2.86106024444
4.140 2.85963562759
4.145 2.85821384066
4.150 2.85679487505
4.155 2.85537872218
4.160 2.85396537352
4.165 2.85255482056
4.170 2.85114705484
4.175 2.84974206793
4.180 2.84833985143
4.185 2.846940397
4.190 2.8455436963
4.195 2.84414974105
4.200 2.842758523
4.205 2.84137003393
4.210 2.83998426565
4.215 2.83860121003
4.220 2.83722085893
4.225 2.8358432043
4.230 2.83446823807
4.235 2.83309595224
4.240 2.83172633882
4.245 2.83035938988
4.250 2.82899509749
4.255 2.82763345378
4.260 2.82627445091
4.265 2.82491808105
4.270 2.82356433643
4.275 2.82221320929
4.280 2.82086469193
4.285 2.81951877664
4.290 2.81817545579
4.295 2.81683472175
4.300 2.81549656692
4.305 2.81416098375
4.310 2.81282796471
4.315 2.8114975023
4.320 2.81016958906
4.325 2.80884421755
4.330 2.80752138036
4.335 2.80620107012
4.340 2.80488327948
4.345 2.80356800113
4.350 2.80225522778
4.355 2.80094495218
4.360 2.7996371671
4.365 2.79833186534
4.370 2.79702903974
4.375 2.79572868315
4.380 2.79443078847
4.385 2.79313534862
4.390 2.79184235654
4.395 2.79055180521
4.400 2.78926368764
4.405 2.78797799685
4.410 2.7866947259
4.415 2.78541386789
4.420 2.78413541593
4.425 2.78285936317
4.430 2.78158570276
4.435 2.78031442793
4.440 2.77904553188
4.445 2.77777900787
4.450 2.77651484918
4.455 2.77525304911
4.460 2.77399360101
4.465 2.77273649822
4.470 2.77148173414
4.475 2.77022930217
4.480 2.76897919575
4.485 2.76773140835
4.490 2.76648593345
4.495 2.76524276458
4.500 2.76400189526
4.505 2.76276331907
4.510 2.7615270296
4.515 2.76029302046
4.520 2.7590612853
4.525 2.75783181778
4.530 2.7566046116
4.535 2.75537966046
4.540 2.75415695811
4.545 2.75293649832
4.550 2.75171827487
4.555 2.75050228158
4.560 2.74928851227
4.565 2.74807696083
4.570 2.74686762112
4.575 2.74566048706
4.580 2.74445555258
4.585 2.74325281163
4.590 2.7420522582
4.595 2.74085388629
4.600 2.73965768992
4.605 2.73846366314
4.610 2.73727180002
4.615 2.73608209465
4.620 2.73489454116
4.625 2.73370913368
4.630 2.73252586637
4.635 2.73134473341
4.640 2.73016572902
4.645 2.72898884742
4.650 2.72781408286
4.655 2.72664142961
4.660 2.72547088197
4.665 2.72430243425
4.670 2.72313608078
4.675 2.72197181594
4.680 2.72080963409
4.685 2.71964952964
4.690 2.71849149701
4.695 2.71733553064
4.700 2.716181625
4.705 2.71502977458
4.710 2.71387997387
4.715 2.71273221741
4.720 2.71158649974
4.725 2.71044281543
4.730 2.70930115906
4.735 2.70816152526
4.740 2.70702390863
4.745 2.70588830384
4.750 2.70475470555
4.755 2.70362310845
4.760 2.70249350724
4.765 2.70136589666
4.770 2.70024027145
4.775 2.69911662638
4.780 2.69799495623
4.785 2.69687525581
4.790 2.69575751994
4.795 2.69464174347
4.800 2.69352792126
4.805 2.69241604819
4.810 2.69130611916
4.815 2.6901981291
4.820 2.68909207293
4.825 2.68798794562
4.830 2.68688574213
4.835 2.68578545748
4.840 2.68468708666
4.845 2.6835906247
4.850 2.68249606666
4.855 2.6814034076
4.860 2.6803126426
4.865 2.67922376677
4.870 2.67813677522
4.875 2.6770516631
4.880 2.67596842555
4.885 2.67488705776
4.890 2.67380755491
4.895 2.67272991221
4.900 2.67165412489
4.905 2.67058018818
4.910 2.66950809735
4.915 2.66843784768
4.920 2.66736943445
4.925 2.66630285298
4.930 2.66523809859
4.935 2.66417516663
4.940 2.66311405246
4.945 2.66205475146
4.950 2.66099725902
4.955 2.65994157055
4.960 2.65888768148
4.965 2.65783558725
4.970 2.65678528332
4.975 2.65573676517
4.980 2.65469002829
4.985 2.65364506818
4.990 2.65260188037
4.995 2.65156046041
5.000 2.65052080383
5.005 2.64925443802
5.010 2.64799002043
5.015 2.64672754619
5.020 2.64546701044
5.025 2.64420840836
5.030 2.6429517351
5.035 2.64169698586
5.040 2.64044415586
5.045 2.63919324032
5.050 2.63794423448
5.055 2.6366971336
5.060 2.63545193297
5.065 2.63420862787
5.070 2.63296721362
5.075 2.63172768553
5.080 2.63049003896
5.085 2.62925426925
5.090 2.62802037178
5.095 2.62678834195
5.100 2.62555817516
5.105 2.62432986683
5.110 2.62310341239
5.115 2.62187880731
5.120 2.62065604704
5.125 2.61943512708
5.130 2.61821604293
5.135 2.61699879009
5.140 2.61578336411
5.145 2.61456976052
5.150 2.61335797489
5.155 2.6121480028
5.160 2.61093983983
5.165 2.60973348159
5.170 2.60852892371
5.175 2.60732616182
5.180 2.60612519157
5.185 2.60492600863
5.190 2.60372860867
5.195 2.6025329874
5.200 2.60133914053
5.205 2.60014706377
5.210 2.59895675287
5.215 2.59776820358
5.220 2.59658141166
5.225 2.59539637291
5.230 2.59421308311
5.235 2.59303153808
5.240 2.59185173363
5.245 2.59067366562
5.250 2.58949732989
5.255 2.5883227223
5.260 2.58714983874
5.265 2.5859786751
5.270 2.58480922729
5.275 2.58364149122
5.280 2.58247546285
5.285 2.5813111381
5.290 2.58014851294
5.295 2.57898758336
5.300 2.57782834533
5.305 2.57667079486
5.310 2.57551492797
5.315 2.57436074067
5.320 2.57320822902
5.325 2.57205738907
5.330 2.57090821689
5.335 2.56976070855
5.340 2.56861486015
5.345 2.5674706678
5.350 2.56632812761
5.355 2.56518723572
5.360 2.56404798827
5.365 2.56291038142
5.370 2.56177441134
5.375 2.5606400742
5.380 2.55950736622
5.385 2.55837628358
5.390 2.55724682252
5.395 2.55611897927
5.400 2.55499275006
5.405 2.55386813116
5.410 2.55274511883
5.415 2.55162370935
5.420 2.55050389903
5.425 2.54938568415
5.430 2.54826906105
5.435 2.54715402604
5.440 2.54604057547
5.445 2.54492870569
5.450 2.54381841307
5.455 2.54270969398
5.460 2.54160254481
5.465 2.54049696195
5.470 2.53939294183
5.475 2.53829048086
5.480 2.53718957547
5.485 2.53609022211
5.490 2.53499241725
5.495 2.53389615733
5.500 2.53280143886
5.505 2.5317082583
5.510 2.53061661218
5.515 2.529526497
5.520 2.52843790928
5.525 2.52735084556
5.530 2.52626530239
5.535 2.52518127632
5.540 2.52409876392
5.545 2.52301776178
5.550 2.52193826647
5.555 2.5208602746
5.560 2.51978378279
5.565 2.51870878765
5.570 2.51763528582
5.575 2.51656327395
5.580 2.51549274867
5.585 2.51442370667
5.590 2.51335614461
5.595 2.51229005918
5.600 2.51122544708
5.605 2.510162305
5.610 2.50910062968
5.615 2.50804041784
5.620 2.5069816662
5.625 2.50592437153
5.630 2.50486853058
5.635 2.50381414011
5.640 2.5027611969
5.645 2.50170969775
5.650 2.50065963944
5.655 2.4996110188
5.660 2.49856383262
5.665 2.49751807775
5.670 2.49647375102
5.675 2.49543084927
5.680 2.49438936937
5.685 2.49334930818
5.690 2.49231066257
5.695 2.49127342944
5.700 2.49023760568
5.705 2.48920318819
5.710 2.48817017388
5.715 2.48713855969
5.720 2.48610834255
5.725 2.48507951939
5.730 2.48405208718
5.735 2.48302604287
5.740 2.48200138344
5.745 2.48097810586
5.750 2.47995620713
5.755 2.47893568424
5.760 2.4779165342
5.765 2.47689875403
5.770 2.47588234075
5.775 2.47486729141
5.780 2.47385360304
5.785 2.4728412727
5.790 2.47183029745
5.795 2.47082067437
5.800 2.46981240052
5.805 2.46880547301
5.810 2.46779988892
5.815 2.46679564537
5.820 2.46579273947
5.825 2.46479116834
5.830 2.46379092912
5.835 2.46279201895
5.840 2.46179443498
5.845 2.46079817436
5.850 2.45980323427
5.855 2.45880961188
5.860 2.45781730437
5.865 2.45682630893
5.870 2.45583662278
5.875 2.4548482431
5.880 2.45386116714
5.885 2.4528753921
5.890 2.45189091522
5.895 2.45090773375
5.900 2.44992584494
5.905 2.44894524604
5.910 2.44796593433
5.915 2.44698790707
5.920 2.44601116155
5.925 2.44503569507
5.930 2.44406150491
5.935 2.4430885884
5.940 2.44211694284
5.945 2.44114656556
5.950 2.44017745389
5.955 2.43920960516
5.960 2.43824301673
5.965 2.43727768594
5.970 2.43631361017
5.975 2.43535078679
5.980 2.43438921316
5.985 2.43342888667
5.990 2.43246980473
5.995 2.43151196473
6.000 2.43055536407
6.005 2.42955523789
6.010 2.42855638003
6.015 2.42755878787
6.020 2.42656245876
6.025 2.42556739011
6.030 2.42457357928
6.035 2.42358102368
6.040 2.4225897207
6.045 2.42159966777
6.050 2.42061086229
6.055 2.41962330169
6.060 2.41863698341
6.065 2.41765190488
6.070 2.41666806355
6.075 2.41568545687
6.080 2.41470408232
6.085 2.41372393735
6.090 2.41274501945
6.095 2.41176732609
6.100 2.41079085478
6.105 2.409815603
6.110 2.40884156826
6.115 2.40786874809
6.120 2.40689713999
6.125 2.40592674149
6.130 2.40495755013
6.135 2.40398956345
6.140 2.403022779
6.145 2.40205719433
6.150 2.401092807
6.155 2.40012961459
6.160 2.39916761467
6.165 2.39820680482
6.170 2.39724718263
6.175 2.39628874571
6.180 2.39533149165
6.185 2.39437541806
6.190 2.39342052256
6.195 2.39246680278
6.200 2.39151425635
6.205 2.39056288089
6.210 2.38961267407
6.215 2.38866363352
6.220 2.38771575691
6.225 2.38676904189
6.230 2.38582348615
6.235 2.38487908735
6.240 2.38393584319
6.245 2.38299375134
6.250 2.38205280951
6.255 2.3811130154
6.260 2.38017436672
6.265 2.37923686119
6.270 2.37830049652
6.275 2.37736527046
6.280 2.37643118072
6.285 2.37549822505
6.290 2.37456640121
6.295 2.37363570694
6.300 2.37270614001
6.305 2.37177769818
6.310 2.37085037922
6.315 2.36992418092
6.320 2.36899910106
6.325 2.36807513742
6.330 2.36715228781
6.335 2.36623055003
6.340 2.36530992189
6.345 2.36439040121
6.350 2.3634719858
6.355 2.3625546735
6.360 2.36163846214
6.365 2.36072334955
6.370 2.35980933359
6.375 2.3588964121
6.380 2.35798458295
6.385 2.35707384399
6.390 2.35616419309
6.395 2.35525562814
6.400 2.354348147
6.405 2.35344174758
6.410 2.35253642775
6.415 2.35163218542
6.420 2.35072901849
6.425 2.34982692488
6.430 2.34892590249
6.435 2.34802594925
6.440 2.34712706308
6.445 2.34622924192
6.450 2.34533248371
6.455 2.34443678638
6.460 2.34354214789
6.465 2.3426485662
6.470 2.34175603926
6.475 2.34086456504
6.480 2.33997414151
6.485 2.33908476664
6.490 2.33819643843
6.495 2.33730915485
6.500 2.3364229139
6.505 2.33553771358
6.510 2.3346535519
6.515 2.33377042686
6.520 2.33288833647
6.525 2.33200727877
6.530 2.33112725176
6.535 2.33024825349
6.540 2.32937028199
6.545 2.3284933353
6.550 2.32761741147
6.555 2.32674250855
6.560 2.32586862459
6.565 2.32499575766
6.570 2.32412390583
6.575 2.32325306716
6.580 2.32238323974
6.585 2.32151442165
6.590 2.32064661098
6.595 2.31977980582
6.600 2.31891400426
6.605 2.31804920442
6.610 2.31718540439
6.615 2.31632260229
6.620 2.31546079625
6.625 2.31459998438
6.630 2.31374016481
6.635 2.31288133567
6.640 2.31202349511
6.645 2.31116664126
6.650 2.31031077228
6.655 2.30945588631
6.660 2.30860198151
6.665 2.30774905605
6.670 2.30689710809
6.675 2.30604613581
6.680 2.30519613738
6.685 2.30434711099
6.690 2.30349905481
6.695 2.30265196704
6.700 2.30180584589
6.705 2.30096068954
6.710 2.3001164962
6.715 2.29927326409
6.720 2.29843099141
6.725 2.29758967639
6.730 2.29674931725
6.735 2.29590991223
6.740 2.29507145954
6.745 2.29423395744
6.750 2.29339740416
6.755 2.29256179795
6.760 2.29172713706
6.765 2.29089341975
6.770 2.29006064428
6.775 2.28922880892
6.780 2.28839791192
6.785 2.28756795158
6.790 2.28673892616
6.795 2.28591083395
6.800 2.28508367323
6.805 2.28425744231
6.810 2.28343213947
6.815 2.28260776301
6.820 2.28178431124
6.825 2.28096178248
6.830 2.28014017502
6.835 2.2793194872
6.840 2.27849971733
6.845 2.27768086374
6.850 2.27686292476
6.855 2.27604589873
6.860 2.27522978398
6.865 2.27441457887
6.870 2.27360028173
6.875 2.27278689092
6.880 2.27197440479
6.885 2.27116282171
6.890 2.27035214005
6.895 2.26954235816
6.900 2.26873347443
6.905 2.26792548722
6.910 2.26711839493
6.915 2.26631219593
6.920 2.26550688862
6.925 2.26470247139
6.930 2.26389894264
6.935 2.26309630077
6.940 2.26229454418
6.945 2.26149367129
6.950 2.2606936805
6.955 2.25989457024
6.960 2.25909633893
6.965 2.25829898499
6.970 2.25750250686
6.975 2.25670690296
6.980 2.25591217174
6.985 2.25511831163
6.990 2.25432532108
6.995 2.25353319855
7.000 2.25274194248
7.005 2.25195912775
7.010 2.25117717109
7.015 2.25039607095
7.020 2.24961582581
7.025 2.24883643417
7.030 2.24805789449
7.035 2.24728020528
7.040 2.24650336501
7.045 2.2457273722
7.050 2.24495222533
7.055 2.24417792292
7.060 2.24340446347
7.065 2.24263184548
7.070 2.24186006749
7.075 2.241089128
7.080 2.24031902553
7.085 2.23954975862
7.090 2.23878132578
7.095 2.23801372557
7.100 2.2372469565
7.105 2.23648101713
7.110 2.23571590599
7.115 2.23495162164
7.120 2.23418816262
7.125 2.23342552749
7.130 2.23266371481
7.135 2.23190272313
7.140 2.23114255104
7.145 2.23038319708
7.150 2.22962465984
7.155 2.2288669379
7.160 2.22811002982
7.165 2.2273539342
7.170 2.22659864962
7.175 2.22584417467
7.180 2.22509050794
7.185 2.22433764803
7.190 2.22358559354
7.195 2.22283434308
7.200 2.22208389525
7.205 2.22133424865
7.210 2.22058540192
7.215 2.21983735365
7.220 2.21909010247
7.225 2.21834364702
7.230 2.2175979859
7.235 2.21685311776
7.240 2.21610904122
7.245 2.21536575493
7.250 2.21462325752
7.255 2.21388154764
7.260 2.21314062393
7.265 2.21240048505
7.270 2.21166112965
7.275 2.21092255638
7.280 2.21018476391
7.285 2.2094477509
7.290 2.20871151601
7.295 2.20797605792
7.300 2.20724137529
7.305 2.20650746681
7.310 2.20577433114
7.315 2.20504196699
7.320 2.20431037302
7.325 2.20357954793
7.330 2.20284949041
7.335 2.20212019916
7.340 2.20139167287
7.345 2.20066391024
7.350 2.19993690998
7.355 2.1992106708
7.360 2.19848519141
7.365 2.19776047051
7.370 2.19703650683
7.375 2.19631329909
7.380 2.19559084601
7.385 2.1948691463
7.390 2.19414819872
7.395 2.19342800197
7.400 2.19270855481
7.405 2.19198985596
7.410 2.19127190417
7.415 2.19055469819
7.420 2.18983823675
7.425 2.1891225186
7.430 2.18840754251
7.435 2.18769330723
7.440 2.1869798115
7.445 2.18626705411
7.450 2.1855550338
7.455 2.18484374935
7.460 2.18413319953
7.465 2.18342338311
7.470 2.18271429886
7.475 2.18200594557
7.480 2.18129832201
7.485 2.18059142698
7.490 2.17988525925
7.495 2.17917981762
7.500 2.17847510088
7.505 2.17777110783
7.510 2.17706783727
7.515 2.17636528799
7.520 2.1756634588
7.525 2.17496234851
7.530 2.17426195593
7.535 2.17356227987
7.540 2.17286331915
7.545 2.17216507258
7.550 2.17146753898
7.555 2.17077071719
7.560 2.17007460601
7.565 2.1693792043
7.570 2.16868451086
7.575 2.16799052455
7.580 2.16729724419
7.585 2.16660466863
7.590 2.16591279671
7.595 2.16522162727
7.600 2.16453115917
7.605 2.16384139124
7.610 2.16315232236
7.615 2.16246395136
7.620 2.16177627712
7.625 2.16108929849
7.630 2.16040301433
7.635 2.15971742351
7.640 2.1590325249
7.645 2.15834831737
7.650 2.1576647998
7.655 2.15698197106
7.660 2.15629983003
7.665 2.1556183756
7.670 2.15493760664
7.675 2.15425752205
7.680 2.15357812071
7.685 2.15289940151
7.690 2.15222136336
7.695 2.15154400514
7.700 2.15086732576
7.705 2.15019132412
7.710 2.14951599912
7.715 2.14884134967
7.720 2.14816737469
7.725 2.14749407307
7.730 2.14682144374
7.735 2.14614948561
7.740 2.14547819761
7.745 2.14480757865
7.750 2.14413762765
7.755 2.14346834356
7.760 2.14279972529
7.765 2.14213177177
7.770 2.14146448194
7.775 2.14079785474
7.780 2.14013188911
7.785 2.13946658398
7.790 2.1388019383
7.795 2.13813795101
7.800 2.13747462107
7.805 2.13681194742
7.810 2.13614992903
7.815 2.13548856483
7.820 2.13482785379
7.825 2.13416779488
7.830 2.13350838705
7.835 2.13284962926
7.840 2.13219152049
7.845 2.1315340597
7.850 2.13087724587
7.855 2.13022107797
7.860 2.12956555497
7.865 2.12891067586
7.870 2.12825643961
7.875 2.12760284521
7.880 2.12694989164
7.885 2.1262975779
7.890 2.12564590296
7.895 2.12499486583
7.900 2.12434446549
7.905 2.12369470094
7.910 2.12304557119
7.915 2.12239707523
7.920 2.12174921207
7.925 2.12110198071
7.930 2.12045538015
7.935 2.11980940942
7.940 2.11916406752
7.945 2.11851935346
7.950 2.11787526626
7.955 2.11723180494
7.960 2.11658896852
7.965 2.11594675603
7.970 2.11530516648
7.975 2.11466419891
7.980 2.11402385234
7.985 2.11338412581
7.990 2.11274501835
7.995 2.11210652899
8.000 2.11146865678
8.005 2.1107632112
8.010 2.11005842544
8.015 2.10935429845
8.020 2.10865082924
8.025 2.10794801678
8.030 2.10724586006
8.035 2.10654435808
8.040 2.10584350982
8.045 2.10514331428
8.050 2.10444377045
8.055 2.10374487734
8.060 2.10304663395
8.065 2.10234903927
8.070 2.10165209231
8.075 2.10095579208
8.080 2.1002601376
8.085 2.09956512786
8.090 2.09887076189
8.095 2.0981770387
8.100 2.09748395731
8.105 2.09679151674
8.110 2.096099716
8.115 2.09540855414
8.120 2.09471803016
8.125 2.09402814311
8.130 2.093338892
8.135 2.09265027588
8.140 2.09196229378
8.145 2.09127494473
8.150 2.09058822778
8.155 2.08990214196
8.160 2.08921668631
8.165 2.0885318599
8.170 2.08784766175
8.175 2.08716409092
8.180 2.08648114646
8.185 2.08579882742
8.190 2.08511713286
8.195 2.08443606184
8.200 2.08375561341
8.205 2.08307578664
8.210 2.08239658059
8.215 2.08171799432
8.220 2.0810400269
8.225 2.08036267741
8.230 2.0796859449
8.235 2.07900982847
8.240 2.07833432717
8.245 2.07765944009
8.250 2.07698516631
8.255 2.0763115049
8.260 2.07563845495
8.265 2.07496601555
8.270 2.07429418579
8.275 2.07362296474
8.280 2.0729523515
8.285 2.07228234517
8.290 2.07161294483
8.295 2.07094414959
8.300 2.07027595854
8.305 2.06960837079
8.310 2.06894138543
8.315 2.06827500157
8.320 2.06760921831
8.325 2.06694403477
8.330 2.06627945005
8.335 2.06561546326
8.340 2.06495207352
8.345 2.06428927994
8.350 2.06362708165
8.355 2.06296547774
8.360 2.06230446736
8.365 2.06164404962
8.370 2.06098422364
8.375 2.06032498856
8.380 2.05966634349
8.385 2.05900828758
8.390 2.05835081995
8.395 2.05769393973
8.400 2.05703764606
8.405 2.05638193807
8.410 2.05572681492
8.415 2.05507227573
8.420 2.05441831965
8.425 2.05376494582
8.430 2.05311215339
8.435 2.0524599415
8.440 2.05180830932
8.445 2.05115725598
8.450 2.05050678064
8.455 2.04985688246
8.460 2.04920756058
8.465 2.04855881418
8.470 2.04791064241
8.475 2.04726304443
8.480 2.0466160194
8.485 2.0459695665
8.490 2.04532368488
8.495 2.04467837372
8.500 2.04403363219
8.505 2.0433868866
8.510 2.04274071051
8.515 2.04209510308
8.520 2.04145006348
8.525 2.0408055909
8.530 2.04016168451
8.535 2.03951834349
8.540 2.03887556703
8.545 2.03823335431
8.550 2.0375917045
8.555 2.03695061681
8.560 2.03631009041
8.565 2.03567012451
8.570 2.03503071828
8.575 2.03439187093
8.580 2.03375358164
8.585 2.03311584962
8.590 2.03247867406
8.595 2.03184205417
8.600 2.03120598914
8.605 2.03057047817
8.610 2.02993552048
8.615 2.02930111527
8.620 2.02866726175
8.625 2.02803395912
8.630 2.02740120661
8.635 2.02676900341
8.640 2.02613734874
8.645 2.02550624183
8.650 2.02487568189
8.655 2.02424566814
8.660 2.02361619979
8.665 2.02298727607
8.670 2.02235889621
8.675 2.02173105943
8.680 2.02110376496
8.685 2.02047701202
8.690 2.01985079985
8.695 2.01922512768
8.700 2.01859999474
8.705 2.01797540026
8.710 2.01735134348
8.715 2.01672782365
8.720 2.01610483999
8.725 2.01548239175
8.730 2.01486047818
8.735 2.01423909851
8.740 2.01361825199
8.745 2.01299793787
8.750 2.0123781554
8.755 2.01175890382
8.760 2.01114018239
8.765 2.01052199036
8.770 2.00990432699
8.775 2.00928719152
8.780 2.00867058323
8.785 2.00805450136
8.790 2.00743894518
8.795 2.00682391395
8.800 2.00620940693
8.805 2.00559542339
8.810 2.00498196259
8.815 2.00436902381
8.820 2.0037566063
8.825 2.00314470934
8.830 2.0025333322
8.835 2.00192247416
8.840 2.00131213449
8.845 2.00070231247
8.850 2.00009300737
8.855 1.99948421848
8.860 1.99887594506
8.865 1.99826818642
8.870 1.99766094182
8.875 1.99705421056
8.880 1.99644799191
8.885 1.99584228518
8.890 1.99523708964
8.895 1.99463240458
8.900 1.99402822931
8.905 1.9934245631
8.910 1.99282140527
8.915 1.99221875509
8.920 1.99161661188
8.925 1.99101497492
8.930 1.99041384352
8.935 1.98981321698
8.940 1.9892130946
8.945 1.98861347569
8.950 1.98801435955
8.955 1.98741574549
8.960 1.98681763281
8.965 1.98622002083
8.970 1.98562290886
8.975 1.98502629621
8.980 1.98443018219
8.985 1.98383456612
8.990 1.98323944731
8.995 1.98264482509
