11.000 0.246077502074
11.005 0.246021751801
11.010 0.245966040607
11.015 0.245910368447
11.020 0.245854735278
11.025 0.245799141055
11.030 0.245743585736
11.035 0.245688069277
11.040 0.245632591633
11.045 0.245577152763
11.050 0.245521752621
11.055 0.245466391166
11.060 0.245411068354
11.065 0.245355784141
11.070 0.245300538485
11.075 0.245245331343
11.080 0.245190162671
11.085 0.245135032427
11.090 0.245079940568
11.095 0.245024887051
11.100 0.244969871834
11.105 0.244914894873
11.110 0.244859956127
11.115 0.244805055553
11.120 0.244750193109
11.125 0.244695368751
11.130 0.244640582439
11.135 0.244585834129
11.140 0.244531123779
11.145 0.244476451349
11.150 0.244421816794
11.155 0.244367220074
11.160 0.244312661147
11.165 0.24425813997
11.170 0.244203656502
11.175 0.244149210702
11.180 0.244094802527
11.185 0.244040431937
11.190 0.243986098889
11.195 0.243931803343
11.200 0.243877545257
11.205 0.243823324589
11.210 0.243769141298
11.215 0.243714995344
11.220 0.243660886685
11.225 0.24360681528
11.230 0.243552781088
11.235 0.243498784068
11.240 0.24344482418
11.245 0.243390901382
11.250 0.243337015635
11.255 0.243283166896
11.260 0.243229355126
11.265 0.243175580284
11.270 0.24312184233
11.275 0.243068141222
11.280 0.243014476922
11.285 0.242960849389
11.290 0.242907258581
11.295 0.24285370446
11.300 0.242800186986
11.305 0.242746706117
11.310 0.242693261814
11.315 0.242639854038
11.320 0.242586482748
11.325 0.242533147905
11.330 0.242479849469
11.335 0.2424265874
11.340 0.242373361658
11.345 0.242320172205
11.350 0.242267019
11.355 0.242213902005
11.360 0.242160821179
11.365 0.242107776484
11.370 0.242054767881
11.375 0.242001795329
11.380 0.241948858791
11.385 0.241895958227
11.390 0.241843093597
11.395 0.241790264864
11.400 0.241737471988
11.405 0.241684714931
11.410 0.241631993653
11.415 0.241579308116
11.420 0.241526658282
11.425 0.241474044111
11.430 0.241421465566
11.435 0.241368922607
11.440 0.241316415197
11.445 0.241263943296
11.450 0.241211506868
11.455 0.241159105873
11.460 0.241106740274
11.465 0.241054410032
11.470 0.241002115109
11.475 0.240949855467
11.480 0.240897631069
11.485 0.240845441876
11.490 0.240793287851
11.495 0.240741168956
11.500 0.240689085152
11.505 0.240637036404
11.510 0.240585022672
11.515 0.24053304392
11.520 0.24048110011
11.525 0.240429191205
11.530 0.240377317166
11.535 0.240325477958
11.540 0.240273673542
11.545 0.240221903881
11.550 0.240170168939
11.555 0.240118468679
11.560 0.240066803062
11.565 0.240015172053
11.570 0.239963575614
11.575 0.239912013709
11.580 0.2398604863
11.585 0.239808993351
11.590 0.239757534826
11.595 0.239706110687
11.600 0.239654720899
11.605 0.239603365424
11.610 0.239552044226
11.615 0.239500757269
11.620 0.239449504517
11.625 0.239398285932
11.630 0.239347101479
11.635 0.239295951122
11.640 0.239244834824
11.645 0.23919375255
11.650 0.239142704263
11.655 0.239091689928
11.660 0.239040709508
11.665 0.238989762968
11.670 0.238938850272
11.675 0.238887971383
11.680 0.238837126267
11.685 0.238786314888
11.690 0.23873553721
11.695 0.238684793198
11.700 0.238634082816
11.705 0.238583406028
11.710 0.2385327628
11.715 0.238482153095
11.720 0.23843157688
11.725 0.238381034117
11.730 0.238330524773
11.735 0.238280048813
11.740 0.2382296062
11.745 0.2381791969
11.750 0.238128820879
11.755 0.2380784781
11.760 0.238028168531
11.765 0.237977892134
11.770 0.237927648877
11.775 0.237877438723
11.780 0.237827261639
11.785 0.23777711759
11.790 0.237727006541
11.795 0.237676928458
11.800 0.237626883306
11.805 0.237576871051
11.810 0.237526891659
11.815 0.237476945095
11.820 0.237427031326
11.825 0.237377150316
11.830 0.237327302031
11.835 0.237277486439
11.840 0.237227703504
11.845 0.237177953193
11.850 0.237128235471
11.855 0.237078550305
11.860 0.237028897662
11.865 0.236979277506
11.870 0.236929689805
11.875 0.236880134524
11.880 0.236830611631
11.885 0.236781121091
11.890 0.236731662871
11.895 0.236682236937
11.900 0.236632843257
11.905 0.236583481796
11.910 0.236534152522
11.915 0.2364848554
11.920 0.236435590398
11.925 0.236386357483
11.930 0.236337156622
11.935 0.23628798778
11.940 0.236238850926
11.945 0.236189746026
11.950 0.236140673047
11.955 0.236091631957
11.960 0.236042622722
11.965 0.235993645311
11.970 0.235944699689
11.975 0.235895785824
11.980 0.235846903684
11.985 0.235798053236
11.990 0.235749234447
11.995 0.235700447285
12.000 0.235651691717
12.005 0.235602967712
12.010 0.235554275236
12.015 0.235505614257
12.020 0.235456984744
12.025 0.235408386663
12.030 0.235359819982
12.035 0.23531128467
12.040 0.235262780695
12.045 0.235214308023
12.050 0.235165866624
12.055 0.235117456465
12.060 0.235069077514
12.065 0.23502072974
12.070 0.234972413111
12.075 0.234924127594
12.080 0.234875873159
12.085 0.234827649773
12.090 0.234779457405
12.095 0.234731296023
12.100 0.234683165596
12.105 0.234635066093
12.110 0.234586997481
12.115 0.234538959729
12.120 0.234490952807
12.125 0.234442976682
12.130 0.234395031323
12.135 0.2343471167
12.140 0.234299232781
12.145 0.234251379534
12.150 0.234203556929
12.155 0.234155764935
12.160 0.234108003521
12.165 0.234060272656
12.170 0.234012572308
12.175 0.233964902448
12.180 0.233917263043
12.185 0.233869654064
12.190 0.23382207548
12.195 0.233774527259
12.200 0.233727009372
12.205 0.233679521788
12.210 0.233632064476
12.215 0.233584637405
12.220 0.233537240545
12.225 0.233489873867
12.230 0.233442537338
12.235 0.23339523093
12.240 0.233347954611
12.245 0.233300708352
12.250 0.233253492122
12.255 0.233206305891
12.260 0.233159149629
12.265 0.233112023306
12.270 0.233064926892
12.275 0.233017860356
12.280 0.23297082367
12.285 0.232923816802
12.290 0.232876839723
12.295 0.232829892404
12.300 0.232782974814
12.305 0.232736086924
12.310 0.232689228704
12.315 0.232642400125
12.320 0.232595601156
12.325 0.232548831768
12.330 0.232502091933
12.335 0.232455381619
12.340 0.232408700798
12.345 0.23236204944
12.350 0.232315427517
12.355 0.232268834998
12.360 0.232222271854
12.365 0.232175738057
12.370 0.232129233576
12.375 0.232082758383
12.380 0.232036312449
12.385 0.231989895745
12.390 0.231943508241
12.395 0.231897149909
12.400 0.231850820719
12.405 0.231804520643
12.410 0.231758249652
12.415 0.231712007717
12.420 0.231665794809
12.425 0.2316196109
12.430 0.23157345596
12.435 0.231527329962
12.440 0.231481232876
12.445 0.231435164674
12.450 0.231389125327
12.455 0.231343114808
12.460 0.231297133086
12.465 0.231251180135
12.470 0.231205255925
12.475 0.231159360429
12.480 0.231113493617
12.485 0.231067655462
12.490 0.231021845936
12.495 0.23097606501
12.500 0.230930312656
12.505 0.230884588846
12.510 0.230838893552
12.515 0.230793226746
12.520 0.230747588399
12.525 0.230701978485
12.530 0.230656396975
12.535 0.230610843841
12.540 0.230565319056
12.545 0.230519822591
12.550 0.230474354419
12.555 0.230428914512
12.560 0.230383502842
12.565 0.230338119382
12.570 0.230292764105
12.575 0.230247436982
12.580 0.230202137986
12.585 0.23015686709
12.590 0.230111624266
12.595 0.230066409487
12.600 0.230021222725
12.605 0.229976063953
12.610 0.229930933144
12.615 0.229885830271
12.620 0.229840755305
12.625 0.229795708221
12.630 0.229750688991
12.635 0.229705697588
12.640 0.229660733985
12.645 0.229615798154
12.650 0.229570890069
12.655 0.229526009703
12.660 0.229481157029
12.665 0.22943633202
12.670 0.229391534649
12.675 0.229346764889
12.680 0.229302022714
12.685 0.229257308097
12.690 0.229212621011
12.695 0.22916796143
12.700 0.229123329326
12.705 0.229078724674
12.710 0.229034147447
12.715 0.228989597618
12.720 0.22894507516
12.725 0.228900580048
12.730 0.228856112255
12.735 0.228811671754
12.740 0.22876725852
12.745 0.228722872525
12.750 0.228678513745
12.755 0.228634182151
12.760 0.228589877719
12.765 0.228545600422
12.770 0.228501350234
12.775 0.228457127129
12.780 0.228412931081
12.785 0.228368762064
12.790 0.228324620051
12.795 0.228280505018
12.800 0.228236416938
12.805 0.228192355785
12.810 0.228148321533
12.815 0.228104314157
12.820 0.22806033363
12.825 0.228016379928
12.830 0.227972453024
12.835 0.227928552893
12.840 0.227884679509
12.845 0.227840832847
12.850 0.227797012881
12.855 0.227753219585
12.860 0.227709452934
12.865 0.227665712903
12.870 0.227621999466
12.875 0.227578312597
12.880 0.227534652272
12.885 0.227491018466
12.890 0.227447411152
12.895 0.227403830305
12.900 0.227360275902
12.905 0.227316747915
12.910 0.227273246321
12.915 0.227229771093
12.920 0.227186322208
12.925 0.227142899639
12.930 0.227099503362
12.935 0.227056133353
12.940 0.227012789585
12.945 0.226969472035
12.950 0.226926180676
12.955 0.226882915486
12.960 0.226839676437
12.965 0.226796463507
12.970 0.22675327667
12.975 0.226710115901
12.980 0.226666981176
12.985 0.226623872471
12.990 0.226580789759
12.995 0.226537733018
13.000 0.226494702223
13.005 0.226451697348
13.010 0.22640871837
13.015 0.226365765263
13.020 0.226322838005
13.025 0.22627993657
13.030 0.226237060934
13.035 0.226194211072
13.040 0.226151386961
13.045 0.226108588576
13.050 0.226065815893
13.055 0.226023068888
13.060 0.225980347537
13.065 0.225937651815
13.070 0.225894981699
13.075 0.225852337164
13.080 0.225809718187
13.085 0.225767124743
13.090 0.225724556808
13.095 0.22568201436
13.100 0.225639497373
13.105 0.225597005823
13.110 0.225554539688
13.115 0.225512098944
13.120 0.225469683565
13.125 0.22542729353
13.130 0.225384928814
13.135 0.225342589393
13.140 0.225300275244
13.145 0.225257986343
13.150 0.225215722667
13.155 0.225173484193
13.160 0.225131270896
13.165 0.225089082753
13.170 0.22504691974
13.175 0.225004781836
13.180 0.224962669015
13.185 0.224920581254
13.190 0.224878518532
13.195 0.224836480823
13.200 0.224794468105
13.205 0.224752480354
13.210 0.224710517548
13.215 0.224668579663
13.220 0.224626666676
13.225 0.224584778564
13.230 0.224542915305
13.235 0.224501076874
13.240 0.224459263248
13.245 0.224417474406
13.250 0.224375710324
13.255 0.224333970979
13.260 0.224292256348
13.265 0.224250566408
13.270 0.224208901137
13.275 0.224167260511
13.280 0.224125644509
13.285 0.224084053106
13.290 0.224042486281
13.295 0.224000944011
13.300 0.223959426273
13.305 0.223917933045
13.310 0.223876464304
13.315 0.223835020027
13.320 0.223793600192
13.325 0.223752204776
13.330 0.223710833757
13.335 0.223669487113
13.340 0.223628164821
13.345 0.223586866859
13.350 0.223545593204
13.355 0.223504343834
13.360 0.223463118727
13.365 0.22342191786
13.370 0.223380741212
13.375 0.223339588759
13.380 0.223298460481
13.385 0.223257356354
13.390 0.223216276357
13.395 0.223175220468
13.400 0.223134188664
13.405 0.223093180923
13.410 0.223052197224
13.415 0.223011237545
13.420 0.222970301863
13.425 0.222929390157
13.430 0.222888502404
13.435 0.222847638584
13.440 0.222806798673
13.445 0.222765982651
13.450 0.222725190495
13.455 0.222684422184
13.460 0.222643677696
13.465 0.22260295701
13.470 0.222562260103
13.475 0.222521586954
13.480 0.222480937542
13.485 0.222440311845
13.490 0.222399709841
13.495 0.222359131509
13.500 0.222318576827
13.505 0.222278045774
13.510 0.222237538329
13.515 0.22219705447
13.520 0.222156594175
13.525 0.222116157424
13.530 0.222075744195
13.535 0.222035354466
13.540 0.221994988217
13.545 0.221954645426
13.550 0.221914326073
13.555 0.221874030135
13.560 0.221833757591
13.565 0.221793508421
13.570 0.221753282604
13.575 0.221713080118
13.580 0.221672900942
13.585 0.221632745056
13.590 0.221592612438
13.595 0.221552503067
13.600 0.221512416923
13.605 0.221472353984
13.610 0.221432314229
13.615 0.221392297639
13.620 0.221352304191
13.625 0.221312333865
13.630 0.221272386641
13.635 0.221232462497
13.640 0.221192561413
13.645 0.221152683369
13.650 0.221112828342
13.655 0.221072996314
13.660 0.221033187262
13.665 0.220993401168
13.670 0.220953638009
13.675 0.220913897766
13.680 0.220874180418
13.685 0.220834485944
13.690 0.220794814325
13.695 0.220755165539
13.700 0.220715539566
13.705 0.220675936386
13.710 0.220636355979
13.715 0.220596798323
13.720 0.2205572634
13.725 0.220517751188
13.730 0.220478261667
13.735 0.220438794818
13.740 0.220399350619
13.745 0.220359929051
13.750 0.220320530094
13.755 0.220281153727
13.760 0.22024179993
13.765 0.220202468683
13.770 0.220163159967
13.775 0.220123873761
13.780 0.220084610045
13.785 0.2200453688
13.790 0.220006150004
13.795 0.219966953639
13.800 0.219927779685
13.805 0.219888628121
13.810 0.219849498928
13.815 0.219810392086
13.820 0.219771307574
13.825 0.219732245375
13.830 0.219693205467
13.835 0.21965418783
13.840 0.219615192447
13.845 0.219576219295
13.850 0.219537268357
13.855 0.219498339611
13.860 0.21945943304
13.865 0.219420548623
13.870 0.21938168634
13.875 0.219342846172
13.880 0.2193040281
13.885 0.219265232104
13.890 0.219226458164
13.895 0.219187706262
13.900 0.219148976378
13.905 0.219110268492
13.910 0.219071582585
13.915 0.219032918638
13.920 0.218994276632
13.925 0.218955656546
13.930 0.218917058363
13.935 0.218878482063
13.940 0.218839927626
13.945 0.218801395033
13.950 0.218762884266
13.955 0.218724395304
13.960 0.21868592813
13.965 0.218647482723
13.970 0.218609059066
13.975 0.218570657138
13.980 0.218532276921
13.985 0.218493918396
13.990 0.218455581543
13.995 0.218417266345
14.000 0.218378972781
14.005 0.218340700834
14.010 0.218302450484
14.015 0.218264221712
14.020 0.2182260145
14.025 0.218187828828
14.030 0.218149664679
14.035 0.218111522033
14.040 0.218073400871
14.045 0.218035301175
14.050 0.217997222927
14.055 0.217959166107
14.060 0.217921130696
14.065 0.217883116677
14.070 0.217845124031
14.075 0.217807152738
14.080 0.217769202782
14.085 0.217731274142
14.090 0.217693366801
14.095 0.21765548074
14.100 0.21761761594
14.105 0.217579772384
14.110 0.217541950052
14.115 0.217504148927
14.120 0.21746636899
14.125 0.217428610223
14.130 0.217390872607
14.135 0.217353156125
14.140 0.217315460757
14.145 0.217277786486
14.150 0.217240133293
14.155 0.21720250116
14.160 0.21716489007
14.165 0.217127300003
14.170 0.217089730942
14.175 0.217052182869
14.180 0.217014655765
14.185 0.216977149613
14.190 0.216939664394
14.195 0.21690220009
14.200 0.216864756684
14.205 0.216827334158
14.210 0.216789932493
14.215 0.216752551672
14.220 0.216715191676
14.225 0.216677852488
14.230 0.21664053409
14.235 0.216603236464
14.240 0.216565959592
14.245 0.216528703457
14.250 0.216491468041
14.255 0.216454253325
14.260 0.216417059293
14.265 0.216379885926
14.270 0.216342733207
14.275 0.216305601118
14.280 0.216268489642
14.285 0.21623139876
14.290 0.216194328456
14.295 0.216157278712
14.300 0.216120249509
14.305 0.216083240831
14.310 0.216046252661
14.315 0.21600928498
14.320 0.215972337771
14.325 0.215935411016
14.330 0.215898504699
14.335 0.215861618802
14.340 0.215824753307
14.345 0.215787908197
14.350 0.215751083455
14.355 0.215714279064
14.360 0.215677495005
14.365 0.215640731263
14.370 0.215603987819
14.375 0.215567264656
14.380 0.215530561757
14.385 0.215493879106
14.390 0.215457216684
14.395 0.215420574475
14.400 0.215383952461
14.405 0.215347350625
14.410 0.215310768951
14.415 0.215274207421
14.420 0.215237666018
14.425 0.215201144725
14.430 0.215164643525
14.435 0.215128162401
14.440 0.215091701337
14.445 0.215055260314
14.450 0.215018839317
14.455 0.214982438328
14.460 0.214946057331
14.465 0.214909696308
14.470 0.214873355244
14.475 0.21483703412
14.480 0.21480073292
14.485 0.214764451627
14.490 0.214728190225
14.495 0.214691948697
14.500 0.214655727026
14.505 0.214619525196
14.510 0.214583343189
14.515 0.214547180989
14.520 0.21451103858
14.525 0.214474915944
14.530 0.214438813066
14.535 0.214402729928
14.540 0.214366666515
14.545 0.214330622809
14.550 0.214294598794
14.555 0.214258594453
14.560 0.21422260977
14.565 0.214186644729
14.570 0.214150699314
14.575 0.214114773506
14.580 0.214078867292
14.585 0.214042980653
14.590 0.214007113573
14.595 0.213971266037
14.600 0.213935438028
14.605 0.213899629529
14.610 0.213863840524
14.615 0.213828070998
14.620 0.213792320933
14.625 0.213756590314
14.630 0.213720879124
14.635 0.213685187348
14.640 0.213649514968
14.645 0.213613861969
14.650 0.213578228335
14.655 0.21354261405
14.660 0.213507019097
14.665 0.21347144346
14.670 0.213435887124
14.675 0.213400350073
14.680 0.213364832289
14.685 0.213329333758
14.690 0.213293854464
14.695 0.213258394389
14.700 0.21322295352
14.705 0.213187531838
14.710 0.21315212933
14.715 0.213116745978
14.720 0.213081381767
14.725 0.213046036682
14.730 0.213010710705
14.735 0.212975403822
14.740 0.212940116017
14.745 0.212904847274
14.750 0.212869597576
14.755 0.21283436691
14.760 0.212799155258
14.765 0.212763962604
14.770 0.212728788935
14.775 0.212693634233
14.780 0.212658498483
14.785 0.212623381669
14.790 0.212588283777
14.795 0.212553204789
14.800 0.212518144691
14.805 0.212483103468
14.810 0.212448081103
14.815 0.212413077581
14.820 0.212378092887
14.825 0.212343127005
14.830 0.21230817992
14.835 0.212273251616
14.840 0.212238342078
14.845 0.21220345129
14.850 0.212168579238
14.855 0.212133725905
14.860 0.212098891276
14.865 0.212064075337
14.870 0.212029278071
14.875 0.211994499464
14.880 0.2119597395
14.885 0.211924998164
14.890 0.211890275441
14.895 0.211855571315
14.900 0.211820885772
14.905 0.211786218796
14.910 0.211751570371
14.915 0.211716940484
14.920 0.211682329118
14.925 0.211647736258
14.930 0.211613161891
14.935 0.211578605999
14.940 0.211544068569
14.945 0.211509549586
14.950 0.211475049033
14.955 0.211440566897
14.960 0.211406103162
14.965 0.211371657814
14.970 0.211337230837
14.975 0.211302822216
14.980 0.211268431937
14.985 0.211234059985
14.990 0.211199706344
14.995 0.211165371
15.000 0.211131053939
15.005 0.211095949448
15.010 0.211060863506
15.015 0.211025796097
15.020 0.210990747205
15.025 0.210955716816
15.030 0.210920704916
15.035 0.210885711488
15.040 0.210850736518
15.045 0.210815779992
15.050 0.210780841893
15.055 0.210745922208
15.060 0.210711020922
15.065 0.210676138019
15.070 0.210641273485
15.075 0.210606427305
15.080 0.210571599465
15.085 0.210536789948
15.090 0.210501998742
15.095 0.21046722583
15.100 0.210432471199
15.105 0.210397734833
15.110 0.210363016718
15.115 0.210328316839
15.120 0.210293635182
15.125 0.210258971731
15.130 0.210224326473
15.135 0.210189699392
15.140 0.210155090474
15.145 0.210120499705
15.150 0.210085927069
15.155 0.210051372553
15.160 0.210016836142
15.165 0.209982317821
15.170 0.209947817576
15.175 0.209913335392
15.180 0.209878871256
15.185 0.209844425151
15.190 0.209809997065
15.195 0.209775586982
15.200 0.209741194889
15.205 0.209706820771
15.210 0.209672464613
15.215 0.209638126401
15.220 0.209603806121
15.225 0.209569503759
15.230 0.2095352193
15.235 0.20950095273
15.240 0.209466704034
15.245 0.209432473199
15.250 0.209398260211
15.255 0.209364065054
15.260 0.209329887716
15.265 0.209295728181
15.270 0.209261586436
15.275 0.209227462466
15.280 0.209193356257
15.285 0.209159267796
15.290 0.209125197067
15.295 0.209091144058
15.300 0.209057108753
15.305 0.20902309114
15.310 0.208989091203
15.315 0.208955108929
15.320 0.208921144304
15.325 0.208887197314
15.330 0.208853267945
15.335 0.208819356183
15.340 0.208785462014
15.345 0.208751585423
15.350 0.208717726399
15.355 0.208683884925
15.360 0.208650060989
15.365 0.208616254576
15.370 0.208582465674
15.375 0.208548694267
15.380 0.208514940342
15.385 0.208481203886
15.390 0.208447484884
15.395 0.208413783323
15.400 0.208380099189
15.405 0.208346432469
15.410 0.208312783148
15.415 0.208279151213
15.420 0.20824553665
15.425 0.208211939446
15.430 0.208178359587
15.435 0.208144797059
15.440 0.208111251849
15.445 0.208077723943
15.450 0.208044213327
15.455 0.208010719988
15.460 0.207977243913
15.465 0.207943785088
15.470 0.207910343498
15.475 0.207876919132
15.480 0.207843511975
15.485 0.207810122014
15.490 0.207776749235
15.495 0.207743393625
15.500 0.20771005517
15.505 0.207676733857
15.510 0.207643429674
15.515 0.207610142605
15.520 0.207576872638
15.525 0.20754361976
15.530 0.207510383957
15.535 0.207477165216
15.540 0.207443963523
15.545 0.207410778865
15.550 0.20737761123
15.555 0.207344460603
15.560 0.207311326972
15.565 0.207278210323
15.570 0.207245110642
15.575 0.207212027918
15.580 0.207178962136
15.585 0.207145913284
15.590 0.207112881347
15.595 0.207079866314
15.600 0.207046868171
15.605 0.207013886904
15.610 0.206980922502
15.615 0.20694797495
15.620 0.206915044235
15.625 0.206882130345
15.630 0.206849233267
15.635 0.206816352986
15.640 0.206783489492
15.645 0.206750642769
15.650 0.206717812806
15.655 0.20668499959
15.660 0.206652203107
15.665 0.206619423344
15.670 0.206586660289
15.675 0.206553913929
15.680 0.206521184251
15.685 0.206488471241
15.690 0.206455774888
15.695 0.206423095177
15.700 0.206390432098
15.705 0.206357785635
15.710 0.206325155777
15.715 0.206292542511
15.720 0.206259945825
15.725 0.206227365704
15.730 0.206194802137
15.735 0.206162255111
15.740 0.206129724613
15.745 0.206097210631
15.750 0.206064713151
15.755 0.206032232161
15.760 0.205999767649
15.765 0.205967319601
15.770 0.205934888005
15.775 0.205902472849
15.780 0.205870074119
15.785 0.205837691804
15.790 0.20580532589
15.795 0.205772976365
15.800 0.205740643217
15.805 0.205708326432
15.810 0.205676025999
15.815 0.205643741905
15.820 0.205611474137
15.825 0.205579222683
15.830 0.205546987531
15.835 0.205514768667
15.840 0.20548256608
15.845 0.205450379757
15.850 0.205418209686
15.855 0.205386055854
15.860 0.205353918248
15.865 0.205321796858
15.870 0.205289691669
15.875 0.20525760267
15.880 0.205225529848
15.885 0.205193473192
15.890 0.205161432688
15.895 0.205129408324
15.900 0.205097400089
15.905 0.20506540797
15.910 0.205033431955
15.915 0.20500147203
15.920 0.204969528185
15.925 0.204937600407
15.930 0.204905688684
15.935 0.204873793003
15.940 0.204841913353
15.945 0.204810049721
15.950 0.204778202095
15.955 0.204746370463
15.960 0.204714554813
15.965 0.204682755132
15.970 0.20465097141
15.975 0.204619203632
15.980 0.204587451788
15.985 0.204555715866
15.990 0.204523995853
15.995 0.204492291737
16.000 0.204460603507
16.005 0.20442893115
16.010 0.204397274654
16.015 0.204365634008
16.020 0.204334009199
16.025 0.204302400215
16.030 0.204270807045
16.035 0.204239229677
16.040 0.204207668098
16.045 0.204176122297
16.050 0.204144592262
16.055 0.204113077981
16.060 0.204081579442
16.065 0.204050096633
16.070 0.204018629543
16.075 0.203987178159
16.080 0.20395574247
16.085 0.203924322465
16.090 0.20389291813
16.095 0.203861529456
16.100 0.203830156428
16.105 0.203798799037
16.110 0.20376745727
16.115 0.203736131116
16.120 0.203704820563
16.125 0.203673525598
16.130 0.203642246212
16.135 0.20361098239
16.140 0.203579734124
16.145 0.203548501399
16.150 0.203517284206
16.155 0.203486082532
16.160 0.203454896365
16.165 0.203423725695
16.170 0.203392570509
16.175 0.203361430796
16.180 0.203330306544
16.185 0.203299197742
16.190 0.203268104379
16.195 0.203237026442
16.200 0.203205963921
16.205 0.203174916803
16.210 0.203143885078
16.215 0.203112868733
16.220 0.203081867758
16.225 0.203050882141
16.230 0.203019911871
16.235 0.202988956936
16.240 0.202958017324
16.245 0.202927093025
16.250 0.202896184026
16.255 0.202865290318
16.260 0.202834411887
16.265 0.202803548723
16.270 0.202772700815
16.275 0.202741868151
16.280 0.20271105072
16.285 0.202680248511
16.290 0.202649461512
16.295 0.202618689712
16.300 0.2025879331
16.305 0.202557191665
16.310 0.202526465395
16.315 0.202495754279
16.320 0.202465058306
16.325 0.202434377465
16.330 0.202403711744
16.335 0.202373061133
16.340 0.20234242562
16.345 0.202311805193
16.350 0.202281199843
16.355 0.202250609558
16.360 0.202220034326
16.365 0.202189474137
16.370 0.20215892898
16.375 0.202128398843
16.380 0.202097883715
16.385 0.202067383586
16.390 0.202036898444
16.395 0.202006428278
16.400 0.201975973077
16.405 0.201945532831
16.410 0.201915107528
16.415 0.201884697157
16.420 0.201854301707
16.425 0.201823921168
16.430 0.201793555528
16.435 0.201763204776
16.440 0.201732868902
16.445 0.201702547895
16.450 0.201672241743
16.455 0.201641950437
16.460 0.201611673964
16.465 0.201581412314
16.470 0.201551165476
16.475 0.20152093344
16.480 0.201490716194
16.485 0.201460513728
16.490 0.201430326031
16.495 0.201400153093
16.500 0.201369994901
16.505 0.201339851446
16.510 0.201309722717
16.515 0.201279608703
16.520 0.201249509393
16.525 0.201219424777
16.530 0.201189354844
16.535 0.201159299583
16.540 0.201129258983
16.545 0.201099233035
16.550 0.201069221726
16.555 0.201039225047
16.560 0.201009242986
16.565 0.200979275534
16.570 0.20094932268
16.575 0.200919384412
16.580 0.200889460721
16.585 0.200859551596
16.590 0.200829657025
16.595 0.200799777
16.600 0.200769911508
16.605 0.20074006054
16.610 0.200710224085
16.615 0.200680402132
16.620 0.200650594672
16.625 0.200620801693
16.630 0.200591023184
16.635 0.200561259136
16.640 0.200531509539
16.645 0.200501774381
16.650 0.200472053651
16.655 0.200442347341
16.660 0.200412655439
16.665 0.200382977934
16.670 0.200353314817
16.675 0.200323666078
16.680 0.200294031704
16.685 0.200264411687
16.690 0.200234806016
16.695 0.200205214681
16.700 0.200175637671
16.705 0.200146074976
16.710 0.200116526585
16.715 0.200086992489
16.720 0.200057472676
16.725 0.200027967138
16.730 0.199998475863
16.735 0.199968998841
16.740 0.199939536062
16.745 0.199910087516
16.750 0.199880653192
16.755 0.199851233081
16.760 0.199821827171
16.765 0.199792435454
16.770 0.199763057918
16.775 0.199733694554
16.780 0.199704345351
16.785 0.199675010299
16.790 0.199645689388
16.795 0.199616382608
16.800 0.199587089949
16.805 0.199557811401
16.810 0.199528546953
16.815 0.199499296596
16.820 0.199470060319
16.825 0.199440838112
16.830 0.199411629966
16.835 0.19938243587
16.840 0.199353255814
16.845 0.199324089789
16.850 0.199294937783
16.855 0.199265799788
16.860 0.199236675793
16.865 0.199207565788
16.870 0.199178469763
16.875 0.199149387709
16.880 0.199120319615
16.885 0.199091265471
16.890 0.199062225267
16.895 0.199033198994
16.900 0.199004186642
16.905 0.1989751882
16.910 0.19894620366
16.915 0.19891723301
16.920 0.198888276241
16.925 0.198859333343
16.930 0.198830404306
16.935 0.198801489121
16.940 0.198772587778
16.945 0.198743700267
16.950 0.198714826577
16.955 0.1986859667
16.960 0.198657120625
16.965 0.198628288343
16.970 0.198599469844
16.975 0.198570665118
16.980 0.198541874155
16.985 0.198513096946
16.990 0.198484333481
16.995 0.19845558375
17.000 0.198426847743
17.005 0.198398125452
17.010 0.198369416865
17.015 0.198340721974
17.020 0.198312040768
17.025 0.198283373239
17.030 0.198254719376
17.035 0.19822607917
17.040 0.198197452611
17.045 0.19816883969
17.050 0.198140240397
17.055 0.198111654722
17.060 0.198083082656
17.065 0.198054524189
17.070 0.198025979311
17.075 0.197997448014
17.080 0.197968930287
17.085 0.197940426122
17.090 0.197911935507
17.095 0.197883458435
17.100 0.197854994895
17.105 0.197826544878
17.110 0.197798108374
17.115 0.197769685375
17.120 0.197741275869
17.125 0.197712879849
17.130 0.197684497305
17.135 0.197656128226
17.140 0.197627772605
17.145 0.19759943043
17.150 0.197571101694
17.155 0.197542786385
17.160 0.197514484496
17.165 0.197486196017
17.170 0.197457920938
17.175 0.19742965925
17.180 0.197401410943
17.185 0.197373176009
17.190 0.197344954438
17.195 0.19731674622
17.200 0.197288551346
17.205 0.197260369808
17.210 0.197232201595
17.215 0.197204046698
17.220 0.197175905109
17.225 0.197147776817
17.230 0.197119661815
17.235 0.197091560091
17.240 0.197063471637
17.245 0.197035396445
17.250 0.197007334504
17.255 0.196979285805
17.260 0.19695125034
17.265 0.196923228098
17.270 0.196895219072
17.275 0.196867223251
17.280 0.196839240626
17.285 0.196811271189
17.290 0.19678331493
17.295 0.196755371841
17.300 0.196727441911
17.305 0.196699525132
17.310 0.196671621495
17.315 0.19664373099
17.320 0.196615853609
17.325 0.196587989342
17.330 0.196560138181
17.335 0.196532300116
17.340 0.196504475138
17.345 0.196476663238
17.350 0.196448864408
17.355 0.196421078638
17.360 0.196393305918
17.365 0.196365546241
17.370 0.196337799598
17.375 0.196310065978
17.380 0.196282345373
17.385 0.196254637775
17.390 0.196226943173
17.395 0.196199261561
17.400 0.196171592927
17.405 0.196143937264
17.410 0.196116294562
17.415 0.196088664813
17.420 0.196061048007
17.425 0.196033444136
17.430 0.196005853191
17.435 0.195978275163
17.440 0.195950710043
17.445 0.195923157822
17.450 0.195895618492
17.455 0.195868092043
17.460 0.195840578467
17.465 0.195813077755
17.470 0.195785589898
17.475 0.195758114887
17.480 0.195730652713
17.485 0.195703203368
17.490 0.195675766843
17.495 0.195648343129
17.500 0.195620932218
17.505 0.1955935341
17.510 0.195566148766
17.515 0.195538776209
17.520 0.19551141642
17.525 0.195484069388
17.530 0.195456735107
17.535 0.195429413567
17.540 0.19540210476
17.545 0.195374808676
17.550 0.195347525308
17.555 0.195320254646
17.560 0.195292996682
17.565 0.195265751407
17.570 0.195238518812
17.575 0.19521129889
17.580 0.195184091631
17.585 0.195156897026
17.590 0.195129715068
17.595 0.195102545747
17.600 0.195075389054
17.605 0.195048244982
17.610 0.195021113522
17.615 0.194993994665
17.620 0.194966888403
17.625 0.194939794726
17.630 0.194912713627
17.635 0.194885645097
17.640 0.194858589128
17.645 0.19483154571
17.650 0.194804514836
17.655 0.194777496497
17.660 0.194750490684
17.665 0.19472349739
17.670 0.194696516604
17.675 0.19466954832
17.680 0.194642592528
17.685 0.194615649221
17.690 0.194588718389
17.695 0.194561800024
17.700 0.194534894119
17.705 0.194508000663
17.710 0.19448111965
17.715 0.19445425107
17.720 0.194427394916
17.725 0.194400551179
17.730 0.19437371985
17.735 0.194346900921
17.740 0.194320094384
17.745 0.19429330023
17.750 0.194266518451
17.755 0.19423974904
17.760 0.194212991986
17.765 0.194186247283
17.770 0.194159514922
17.775 0.194132794894
17.780 0.194106087191
17.785 0.194079391806
17.790 0.194052708729
17.795 0.194026037952
17.800 0.193999379468
17.805 0.193972733268
17.810 0.193946099343
17.815 0.193919477686
17.820 0.193892868288
17.825 0.193866271141
17.830 0.193839686237
17.835 0.193813113568
17.840 0.193786553125
17.845 0.1937600049
17.850 0.193733468885
17.855 0.193706945072
17.860 0.193680433453
17.865 0.19365393402
17.870 0.193627446764
17.875 0.193600971678
17.880 0.193574508752
17.885 0.19354805798
17.890 0.193521619353
17.895 0.193495192862
17.900 0.193468778501
17.905 0.19344237626
17.910 0.193415986132
17.915 0.193389608108
17.920 0.193363242181
17.925 0.193336888342
17.930 0.193310546584
17.935 0.193284216898
17.940 0.193257899276
17.945 0.193231593711
17.950 0.193205300194
17.955 0.193179018717
17.960 0.193152749272
17.965 0.193126491852
17.970 0.193100246448
17.975 0.193074013053
17.980 0.193047791658
17.985 0.193021582255
17.990 0.192995384837
17.995 0.192969199395
18.000 0.192943025922
18.005 0.19291686441
18.010 0.19289071485
18.015 0.192864577235
18.020 0.192838451558
18.025 0.192812337809
18.030 0.192786235981
18.035 0.192760146067
18.040 0.192734068058
18.045 0.192708001946
18.050 0.192681947724
18.055 0.192655905384
18.060 0.192629874918
18.065 0.192603856318
18.070 0.192577849577
18.075 0.192551854685
18.080 0.192525871637
18.085 0.192499900423
18.090 0.192473941037
18.095 0.19244799347
18.100 0.192422057714
18.105 0.192396133762
18.110 0.192370221606
18.115 0.192344321238
18.120 0.192318432651
18.125 0.192292555837
18.130 0.192266690787
18.135 0.192240837495
18.140 0.192214995952
18.145 0.192189166151
18.150 0.192163348084
18.155 0.192137541743
18.160 0.192111747122
18.165 0.192085964211
18.170 0.192060193004
18.175 0.192034433492
18.180 0.192008685668
18.185 0.191982949525
18.190 0.191957225054
18.195 0.191931512249
18.200 0.191905811101
18.205 0.191880121603
18.210 0.191854443747
18.215 0.191828777526
18.220 0.191803122931
18.225 0.191777479957
18.230 0.191751848593
18.235 0.191726228835
18.240 0.191700620673
18.245 0.1916750241
18.250 0.191649439108
18.255 0.191623865691
18.260 0.19159830384
18.265 0.191572753548
18.270 0.191547214807
18.275 0.19152168761
18.280 0.19149617195
18.285 0.191470667818
18.290 0.191445175208
18.295 0.191419694111
18.300 0.191394224521
18.305 0.19136876643
18.310 0.191343319831
18.315 0.191317884715
18.320 0.191292461076
18.325 0.191267048906
18.330 0.191241648197
18.335 0.191216258943
18.340 0.191190881135
18.345 0.191165514767
18.350 0.191140159831
18.355 0.191114816319
18.360 0.191089484224
18.365 0.191064163539
18.370 0.191038854257
18.375 0.191013556369
18.380 0.190988269869
18.385 0.190962994749
18.390 0.190937731002
18.395 0.190912478621
18.400 0.190887237598
18.405 0.190862007925
18.410 0.190836789596
18.415 0.190811582604
18.420 0.19078638694
18.425 0.190761202598
18.430 0.19073602957
18.435 0.190710867849
18.440 0.190685717428
18.445 0.190660578299
18.450 0.190635450455
18.455 0.190610333889
18.460 0.190585228594
18.465 0.190560134562
18.470 0.190535051787
18.475 0.19050998026
18.480 0.190484919975
18.485 0.190459870924
18.490 0.190434833101
18.495 0.190409806498
18.500 0.190384791107
18.505 0.190359786922
18.510 0.190334793936
18.515 0.19030981214
18.520 0.190284841529
18.525 0.190259882095
18.530 0.19023493383
18.535 0.190209996728
18.540 0.190185070782
18.545 0.190160155983
18.550 0.190135252326
18.555 0.190110359803
18.560 0.190085478407
18.565 0.190060608131
18.570 0.190035748967
18.575 0.190010900909
18.580 0.18998606395
18.585 0.189961238082
18.590 0.189936423298
18.595 0.189911619591
18.600 0.189886826955
18.605 0.189862045382
18.610 0.189837274865
18.615 0.189812515397
18.620 0.189787766971
18.625 0.18976302958
18.630 0.189738303217
18.635 0.189713587874
18.640 0.189688883546
18.645 0.189664190225
18.650 0.189639507903
18.655 0.189614836574
18.660 0.189590176232
18.665 0.189565526868
18.670 0.189540888476
18.675 0.18951626105
18.680 0.189491644581
18.685 0.189467039063
18.690 0.18944244449
18.695 0.189417860853
18.700 0.189393288147
18.705 0.189368726365
18.710 0.189344175498
18.715 0.189319635542
18.720 0.189295106488
18.725 0.189270588329
18.730 0.189246081059
18.735 0.189221584672
18.740 0.189197099159
18.745 0.189172624515
18.750 0.189148160731
18.755 0.189123707802
18.760 0.189099265721
18.765 0.189074834481
18.770 0.189050414074
18.775 0.189026004495
18.780 0.189001605735
18.785 0.188977217789
18.790 0.18895284065
18.795 0.18892847431
18.800 0.188904118764
18.805 0.188879774003
18.810 0.188855440022
18.815 0.188831116814
18.820 0.188806804371
18.825 0.188782502688
18.830 0.188758211756
18.835 0.18873393157
18.840 0.188709662123
18.845 0.188685403408
18.850 0.188661155419
18.855 0.188636918147
18.860 0.188612691588
18.865 0.188588475734
18.870 0.188564270578
18.875 0.188540076114
18.880 0.188515892335
18.885 0.188491719234
18.890 0.188467556804
18.895 0.18844340504
18.900 0.188419263934
18.905 0.188395133479
18.910 0.188371013669
18.915 0.188346904498
18.920 0.188322805958
18.925 0.188298718043
18.930 0.188274640746
18.935 0.188250574061
18.940 0.188226517981
18.945 0.188202472499
18.950 0.188178437609
18.955 0.188154413305
18.960 0.188130399579
18.965 0.188106396425
18.970 0.188082403836
18.975 0.188058421806
18.980 0.188034450329
18.985 0.188010489397
18.990 0.187986539004
18.995 0.187962599144
19.000 0.18793866981
19.005 0.187914750995
19.010 0.187890842693
19.015 0.187866944897
19.020 0.187843057602
19.025 0.187819180799
19.030 0.187795314484
19.035 0.187771458649
19.040 0.187747613287
19.045 0.187723778393
19.050 0.18769995396
19.055 0.187676139981
19.060 0.187652336449
19.065 0.18762854336
19.070 0.187604760705
19.075 0.187580988478
19.080 0.187557226673
19.085 0.187533475284
19.090 0.187509734304
19.095 0.187486003727
19.100 0.187462283546
19.105 0.187438573754
19.110 0.187414874346
19.115 0.187391185315
19.120 0.187367506655
19.125 0.187343838358
19.130 0.18732018042
19.135 0.187296532832
19.140 0.18727289559
19.145 0.187249268686
19.150 0.187225652115
19.155 0.187202045869
19.160 0.187178449943
19.165 0.18715486433
19.170 0.187131289023
19.175 0.187107724017
19.180 0.187084169306
19.185 0.187060624882
19.190 0.187037090739
19.195 0.187013566871
19.200 0.186990053273
19.205 0.186966549937
19.210 0.186943056857
19.215 0.186919574026
19.220 0.18689610144
19.225 0.186872639091
19.230 0.186849186973
19.235 0.186825745079
19.240 0.186802313404
19.245 0.186778891942
19.250 0.186755480685
19.255 0.186732079628
19.260 0.186708688765
19.265 0.186685308088
19.270 0.186661937593
19.275 0.186638577273
19.280 0.186615227121
19.285 0.186591887132
19.290 0.186568557298
19.295 0.186545237615
19.300 0.186521928075
19.305 0.186498628673
19.310 0.186475339402
19.315 0.186452060257
19.320 0.18642879123
19.325 0.186405532316
19.330 0.186382283509
19.335 0.186359044803
19.340 0.186335816191
19.345 0.186312597667
19.350 0.186289389225
19.355 0.186266190859
19.360 0.186243002562
19.365 0.18621982433
19.370 0.186196656155
19.375 0.186173498031
19.380 0.186150349953
19.385 0.186127211914
19.390 0.186104083908
19.395 0.186080965929
19.400 0.186057857971
19.405 0.186034760028
19.410 0.186011672094
19.415 0.185988594162
19.420 0.185965526227
19.425 0.185942468283
19.430 0.185919420323
19.435 0.185896382342
19.440 0.185873354333
19.445 0.185850336291
19.450 0.185827328209
19.455 0.185804330081
19.460 0.185781341902
19.465 0.185758363665
19.470 0.185735395365
19.475 0.185712436995
19.480 0.185689488549
19.485 0.185666550021
19.490 0.185643621406
19.495 0.185620702697
19.500 0.185597793889
19.505 0.185574894975
19.510 0.185552005949
19.515 0.185529126806
19.520 0.185506257539
19.525 0.185483398143
19.530 0.185460548612
19.535 0.18543770894
19.540 0.18541487912
19.545 0.185392059147
19.550 0.185369249015
19.555 0.185346448718
19.560 0.18532365825
19.565 0.185300877605
19.570 0.185278106778
19.575 0.185255345762
19.580 0.185232594551
19.585 0.18520985314
19.590 0.185187121523
19.595 0.185164399694
19.600 0.185141687647
19.605 0.185118985376
19.610 0.185096292875
19.615 0.185073610139
19.620 0.185050937161
19.625 0.185028273936
19.630 0.185005620458
19.635 0.184982976721
19.640 0.184960342719
19.645 0.184937718447
19.650 0.184915103898
19.655 0.184892499067
19.660 0.184869903949
19.665 0.184847318536
19.670 0.184824742824
19.675 0.184802176806
19.680 0.184779620477
19.685 0.184757073832
19.690 0.184734536863
19.695 0.184712009566
19.700 0.184689491935
19.705 0.184666983964
19.710 0.184644485647
19.715 0.184621996979
19.720 0.184599517953
19.725 0.184577048565
19.730 0.184554588807
19.735 0.184532138676
19.740 0.184509698164
19.745 0.184487267266
19.750 0.184464845977
19.755 0.18444243429
19.760 0.1844200322
19.765 0.184397639702
19.770 0.184375256789
19.775 0.184352883457
19.780 0.184330519698
19.785 0.184308165508
19.790 0.184285820881
19.795 0.184263485812
19.800 0.184241160293
19.805 0.184218844321
19.810 0.184196537889
19.815 0.184174240992
19.820 0.184151953624
19.825 0.184129675779
19.830 0.184107407451
19.835 0.184085148636
19.840 0.184062899328
19.845 0.18404065952
19.850 0.184018429208
19.855 0.183996208385
19.860 0.183973997046
19.865 0.183951795186
19.870 0.183929602799
19.875 0.183907419878
19.880 0.18388524642
19.885 0.183863082418
19.890 0.183840927866
19.895 0.18381878276
19.900 0.183796647093
19.905 0.183774520859
19.910 0.183752404054
19.915 0.183730296672
19.920 0.183708198707
19.925 0.183686110154
19.930 0.183664031007
19.935 0.183641961261
19.940 0.18361990091
19.945 0.183597849949
19.950 0.183575808371
19.955 0.183553776173
19.960 0.183531753347
19.965 0.183509739889
19.970 0.183487735794
19.975 0.183465741054
19.980 0.183443755666
19.985 0.183421779624
19.990 0.183399812922
19.995 0.183377855555
20.000 0.183355907517
20.005 0.183332600685
20.010 0.183309303591
20.015 0.183286016228
20.020 0.183262738591
20.025 0.183239470676
20.030 0.183216212474
20.035 0.183192963982
20.040 0.183169725194
20.045 0.183146496103
20.050 0.183123276704
20.055 0.183100066992
20.060 0.183076866961
20.065 0.183053676605
20.070 0.183030495918
20.075 0.183007324895
20.080 0.182984163531
20.085 0.182961011819
20.090 0.182937869754
20.095 0.18291473733
20.100 0.182891614543
20.105 0.182868501385
20.110 0.182845397852
20.115 0.182822303938
20.120 0.182799219638
20.125 0.182776144945
20.130 0.182753079855
20.135 0.182730024361
20.140 0.182706978458
20.145 0.182683942141
20.150 0.182660915403
20.155 0.18263789824
20.160 0.182614890646
20.165 0.182591892615
20.170 0.182568904142
20.175 0.182545925221
20.180 0.182522955847
20.185 0.182499996013
20.190 0.182477045716
20.195 0.182454104948
20.200 0.182431173705
20.205 0.182408251982
20.210 0.182385339771
20.215 0.182362437069
20.220 0.18233954387
20.225 0.182316660167
20.230 0.182293785956
20.235 0.182270921231
20.240 0.182248065987
20.245 0.182225220218
20.250 0.182202383919
20.255 0.182179557084
20.260 0.182156739707
20.265 0.182133931784
20.270 0.182111133309
20.275 0.182088344277
20.280 0.182065564681
20.285 0.182042794517
20.290 0.182020033779
20.295 0.181997282462
20.300 0.18197454056
20.305 0.181951808068
20.310 0.18192908498
20.315 0.181906371292
20.320 0.181883666997
20.325 0.181860972091
20.330 0.181838286567
20.335 0.181815610421
20.340 0.181792943647
20.345 0.18177028624
20.350 0.181747638194
20.355 0.181724999505
20.360 0.181702370166
20.365 0.181679750172
20.370 0.181657139518
20.375 0.181634538199
20.380 0.181611946209
20.385 0.181589363543
20.390 0.181566790195
20.395 0.181544226161
20.400 0.181521671435
20.405 0.181499126011
20.410 0.181476589884
20.415 0.18145406305
20.420 0.181431545502
20.425 0.181409037236
20.430 0.181386538246
20.435 0.181364048526
20.440 0.181341568072
20.445 0.181319096878
20.450 0.18129663494
20.455 0.18127418225
20.460 0.181251738806
20.465 0.1812293046
20.470 0.181206879628
20.475 0.181184463885
20.480 0.181162057365
20.485 0.181139660064
20.490 0.181117271975
20.495 0.181094893094
20.500 0.181072523415
20.505 0.181050162934
20.510 0.181027811644
20.515 0.181005469541
20.520 0.18098313662
20.525 0.180960812875
20.530 0.180938498301
20.535 0.180916192893
20.540 0.180893896646
20.545 0.180871609554
20.550 0.180849331612
20.555 0.180827062816
20.560 0.18080480316
20.565 0.180782552638
20.570 0.180760311246
20.575 0.180738078979
20.580 0.180715855831
20.585 0.180693641797
20.590 0.180671436872
20.595 0.180649241051
20.600 0.180627054328
20.605 0.180604876699
20.610 0.180582708159
20.615 0.180560548702
20.620 0.180538398323
20.625 0.180516257017
20.630 0.180494124779
20.635 0.180472001603
20.640 0.180449887486
20.645 0.180427782421
20.650 0.180405686404
20.655 0.180383599429
20.660 0.180361521491
20.665 0.180339452586
20.670 0.180317392708
20.675 0.180295341851
20.680 0.180273300012
20.685 0.180251267185
20.690 0.180229243365
20.695 0.180207228547
20.700 0.180185222725
20.705 0.180163225895
20.710 0.180141238052
20.715 0.18011925919
20.720 0.180097289305
20.725 0.180075328391
20.730 0.180053376444
20.735 0.180031433459
20.740 0.18000949943
20.745 0.179987574352
20.750 0.179965658221
20.755 0.179943751032
20.760 0.179921852779
20.765 0.179899963457
20.770 0.179878083062
20.775 0.179856211588
20.780 0.17983434903
20.785 0.179812495385
20.790 0.179790650645
20.795 0.179768814807
20.800 0.179746987866
20.805 0.179725169817
20.810 0.179703360654
20.815 0.179681560372
20.820 0.179659768968
20.825 0.179637986435
20.830 0.179616212769
20.835 0.179594447965
20.840 0.179572692018
20.845 0.179550944923
20.850 0.179529206675
20.855 0.17950747727
20.860 0.179485756701
20.865 0.179464044965
20.870 0.179442342057
20.875 0.179420647971
20.880 0.179398962702
20.885 0.179377286247
20.890 0.179355618599
20.895 0.179333959754
20.900 0.179312309707
20.905 0.179290668454
20.910 0.179269035988
20.915 0.179247412307
20.920 0.179225797403
20.925 0.179204191274
20.930 0.179182593913
20.935 0.179161005317
20.940 0.179139425479
20.945 0.179117854396
20.950 0.179096292062
20.955 0.179074738473
20.960 0.179053193624
20.965 0.179031657509
20.970 0.179010130125
20.975 0.178988611466
20.980 0.178967101528
20.985 0.178945600305
20.990 0.178924107793
20.995 0.178902623987
21.000 0.178881148883
21.005 0.178859682474
21.010 0.178838224758
21.015 0.178816775728
21.020 0.178795335381
21.025 0.17877390371
21.030 0.178752480713
21.035 0.178731066383
21.040 0.178709660716
21.045 0.178688263707
21.050 0.178666875351
21.055 0.178645495645
21.060 0.178624124582
21.065 0.178602762158
21.070 0.178581408369
21.075 0.17856006321
21.080 0.178538726675
21.085 0.178517398761
21.090 0.178496079463
21.095 0.178474768775
21.100 0.178453466693
21.105 0.178432173212
21.110 0.178410888328
21.115 0.178389612036
21.120 0.178368344331
21.125 0.178347085209
21.130 0.178325834664
21.135 0.178304592693
21.140 0.17828335929
21.145 0.178262134451
21.150 0.17824091817
21.155 0.178219710445
21.160 0.178198511268
21.165 0.178177320637
21.170 0.178156138547
21.175 0.178134964992
21.180 0.178113799968
21.185 0.17809264347
21.190 0.178071495494
21.195 0.178050356035
21.200 0.178029225089
21.205 0.17800810265
21.210 0.177986988715
21.215 0.177965883278
21.220 0.177944786335
21.225 0.177923697882
21.230 0.177902617913
21.235 0.177881546424
21.240 0.17786048341
21.245 0.177839428868
21.250 0.177818382792
21.255 0.177797345177
21.260 0.177776316019
21.265 0.177755295314
21.270 0.177734283056
21.275 0.177713279242
21.280 0.177692283867
21.285 0.177671296926
21.290 0.177650318414
21.295 0.177629348327
21.300 0.177608386661
21.305 0.17758743341
21.310 0.177566488571
21.315 0.177545552139
21.320 0.177524624108
21.325 0.177503704476
21.330 0.177482793236
21.335 0.177461890385
21.340 0.177440995918
21.345 0.177420109831
21.350 0.177399232118
21.355 0.177378362776
21.360 0.1773575018
21.365 0.177336649185
21.370 0.177315804927
21.375 0.177294969022
21.380 0.177274141464
21.385 0.17725332225
21.390 0.177232511375
21.395 0.177211708834
21.400 0.177190914623
21.405 0.177170128737
21.410 0.177149351172
21.415 0.177128581924
21.420 0.177107820988
21.425 0.177087068359
21.430 0.177066324033
21.435 0.177045588006
21.440 0.177024860273
21.445 0.17700414083
21.450 0.176983429672
21.455 0.176962726794
21.460 0.176942032193
21.465 0.176921345864
21.470 0.176900667802
21.475 0.176879998004
21.480 0.176859336463
21.485 0.176838683177
21.490 0.176818038141
21.495 0.17679740135
21.500 0.1767767728
21.505 0.176756152486
21.510 0.176735540405
21.515 0.176714936551
21.520 0.17669434092
21.525 0.176673753509
21.530 0.176653174311
21.535 0.176632603324
21.540 0.176612040543
21.545 0.176591485963
21.550 0.176570939579
21.555 0.176550401389
21.560 0.176529871386
21.565 0.176509349568
21.570 0.176488835929
21.575 0.176468330464
21.580 0.176447833171
21.585 0.176427344044
21.590 0.176406863079
21.595 0.176386390272
21.600 0.176365925618
21.605 0.176345469114
21.610 0.176325020753
21.615 0.176304580534
21.620 0.17628414845
21.625 0.176263724498
21.630 0.176243308673
21.635 0.176222900971
21.640 0.176202501388
21.645 0.17618210992
21.650 0.176161726562
21.655 0.176141351309
21.660 0.176120984158
21.665 0.176100625104
21.670 0.176080274143
21.675 0.176059931271
21.680 0.176039596483
21.685 0.176019269776
21.690 0.175998951144
21.695 0.175978640583
21.700 0.17595833809
21.705 0.17593804366
21.710 0.175917757288
21.715 0.175897478971
21.720 0.175877208704
21.725 0.175856946483
21.730 0.175836692304
21.735 0.175816446162
21.740 0.175796208054
21.745 0.175775977974
21.750 0.17575575592
21.755 0.175735541885
21.760 0.175715335867
21.765 0.175695137861
21.770 0.175674947863
21.775 0.175654765868
21.780 0.175634591873
21.785 0.175614425873
21.790 0.175594267864
21.795 0.175574117842
21.800 0.175553975802
21.805 0.175533841741
21.810 0.175513715653
21.815 0.175493597536
21.820 0.175473487385
21.825 0.175453385195
21.830 0.175433290962
21.835 0.175413204683
21.840 0.175393126353
21.845 0.175373055968
21.850 0.175352993524
21.855 0.175332939016
21.860 0.17531289244
21.865 0.175292853793
21.870 0.17527282307
21.875 0.175252800267
21.880 0.175232785379
21.885 0.175212778404
21.890 0.175192779336
21.895 0.175172788171
21.900 0.175152804905
21.905 0.175132829535
21.910 0.175112862056
21.915 0.175092902463
21.920 0.175072950753
21.925 0.175053006922
21.930 0.175033070966
21.935 0.175013142879
21.940 0.174993222659
21.945 0.174973310302
21.950 0.174953405802
21.955 0.174933509157
21.960 0.174913620361
21.965 0.174893739411
21.970 0.174873866303
21.975 0.174854001033
21.980 0.174834143596
21.985 0.174814293989
21.990 0.174794452207
21.995 0.174774618246
22.000 0.174754792103
22.005 0.174734973773
22.010 0.174715163252
22.015 0.174695360537
22.020 0.174675565622
22.025 0.174655778505
22.030 0.17463599918
22.035 0.174616227644
22.040 0.174596463893
22.045 0.174576707924
22.050 0.17455695973
22.055 0.17453721931
22.060 0.174517486659
22.065 0.174497761772
22.070 0.174478044646
22.075 0.174458335276
22.080 0.17443863366
22.085 0.174418939792
22.090 0.174399253668
22.095 0.174379575286
22.100 0.17435990464
22.105 0.174340241726
22.110 0.174320586542
22.115 0.174300939082
22.120 0.174281299342
22.125 0.17426166732
22.130 0.17424204301
22.135 0.174222426409
22.140 0.174202817513
22.145 0.174183216317
22.150 0.174163622819
22.155 0.174144037013
22.160 0.174124458896
22.165 0.174104888465
22.170 0.174085325714
22.175 0.17406577064
22.180 0.174046223239
22.185 0.174026683508
22.190 0.174007151442
22.195 0.173987627037
22.200 0.173968110289
22.205 0.173948601195
22.210 0.17392909975
22.215 0.173909605951
22.220 0.173890119793
22.225 0.173870641274
22.230 0.173851170388
22.235 0.173831707131
22.240 0.173812251501
22.245 0.173792803493
22.250 0.173773363103
22.255 0.173753930328
22.260 0.173734505162
22.265 0.173715087603
22.270 0.173695677647
22.275 0.17367627529
22.280 0.173656880527
22.285 0.173637493355
22.290 0.17361811377
22.295 0.173598741768
22.300 0.173579377346
22.305 0.173560020499
22.310 0.173540671224
22.315 0.173521329516
22.320 0.173501995372
22.325 0.173482668789
22.330 0.173463349761
22.335 0.173444038285
22.340 0.173424734358
22.345 0.173405437976
22.350 0.173386149134
22.355 0.173366867829
22.360 0.173347594058
22.365 0.173328327815
22.370 0.173309069098
22.375 0.173289817903
22.380 0.173270574225
22.385 0.173251338061
22.390 0.173232109407
22.395 0.17321288826
22.400 0.173193674615
22.405 0.173174468469
22.410 0.173155269817
22.415 0.173136078657
22.420 0.173116894984
22.425 0.173097718795
22.430 0.173078550085
22.435 0.173059388851
22.440 0.173040235089
22.445 0.173021088796
22.450 0.173001949967
22.455 0.172982818599
22.460 0.172963694688
22.465 0.17294457823
22.470 0.172925469221
22.475 0.172906367659
22.480 0.172887273538
22.485 0.172868186855
22.490 0.172849107607
22.495 0.17283003579
22.500 0.172810971399
22.505 0.172791914432
22.510 0.172772864884
22.515 0.172753822751
22.520 0.172734788031
22.525 0.172715760719
22.530 0.172696740811
22.535 0.172677728305
22.540 0.172658723195
22.545 0.172639725478
22.550 0.172620735151
22.555 0.17260175221
22.560 0.172582776651
22.565 0.172563808471
22.570 0.172544847665
22.575 0.17252589423
22.580 0.172506948163
22.585 0.172488009459
22.590 0.172469078115
22.595 0.172450154127
22.600 0.172431237492
22.605 0.172412328206
22.610 0.172393426265
22.615 0.172374531666
22.620 0.172355644404
22.625 0.172336764476
22.630 0.172317891879
22.635 0.172299026609
22.640 0.172280168662
22.645 0.172261318034
22.650 0.172242474722
22.655 0.172223638722
22.660 0.172204810031
22.665 0.172185988645
22.670 0.172167174559
22.675 0.172148367772
22.680 0.172129568278
22.685 0.172110776074
22.690 0.172091991158
22.695 0.172073213524
22.700 0.172054443169
22.705 0.17203568009
22.710 0.172016924283
22.715 0.171998175745
22.720 0.171979434472
22.725 0.171960700459
22.730 0.171941973705
22.735 0.171923254204
22.740 0.171904541954
22.745 0.171885836951
22.750 0.171867139191
22.755 0.17184844867
22.760 0.171829765386
22.765 0.171811089333
22.770 0.17179242051
22.775 0.171773758912
22.780 0.171755104535
22.785 0.171736457377
22.790 0.171717817433
22.795 0.1716991847
22.800 0.171680559174
22.805 0.171661940852
22.810 0.17164332973
22.815 0.171624725805
22.820 0.171606129073
22.825 0.17158753953
22.830 0.171568957173
22.835 0.171550381999
22.840 0.171531814003
22.845 0.171513253183
22.850 0.171494699534
22.855 0.171476153054
22.860 0.171457613738
22.865 0.171439081583
22.870 0.171420556586
22.875 0.171402038743
22.880 0.171383528051
22.885 0.171365024505
22.890 0.171346528103
22.895 0.171328038841
22.900 0.171309556715
22.905 0.171291081722
22.910 0.171272613859
22.915 0.171254153121
22.920 0.171235699506
22.925 0.171217253009
22.930 0.171198813628
22.935 0.171180381359
22.940 0.171161956198
22.945 0.171143538142
22.950 0.171125127188
22.955 0.171106723331
22.960 0.171088326569
22.965 0.171069936898
22.970 0.171051554314
22.975 0.171033178814
22.980 0.171014810394
22.985 0.170996449052
22.990 0.170978094783
22.995 0.170959747584
23.000 0.170941407452
23.005 0.170923074383
23.010 0.170904748374
23.015 0.170886429421
23.020 0.170868117521
23.025 0.17084981267
23.030 0.170831514865
23.035 0.170813224102
23.040 0.170794940379
23.045 0.170776663691
23.050 0.170758394035
23.055 0.170740131408
23.060 0.170721875806
23.065 0.170703627227
23.070 0.170685385665
23.075 0.170667151118
23.080 0.170648923584
23.085 0.170630703057
23.090 0.170612489535
23.095 0.170594283014
23.100 0.170576083491
23.105 0.170557890963
23.110 0.170539705426
23.115 0.170521526876
23.120 0.170503355311
23.125 0.170485190727
23.130 0.170467033121
23.135 0.170448882488
23.140 0.170430738826
23.145 0.170412602132
23.150 0.170394472401
23.155 0.170376349632
23.160 0.170358233819
23.165 0.17034012496
23.170 0.170322023052
23.175 0.170303928091
23.180 0.170285840073
23.185 0.170267758996
23.190 0.170249684856
23.195 0.17023161765
23.200 0.170213557374
23.205 0.170195504024
23.210 0.170177457599
23.215 0.170159418094
23.220 0.170141385505
23.225 0.17012335983
23.230 0.170105341066
23.235 0.170087329208
23.240 0.170069324254
23.245 0.1700513262
23.250 0.170033335042
23.255 0.170015350779
23.260 0.169997373405
23.265 0.169979402919
23.270 0.169961439316
23.275 0.169943482594
23.280 0.169925532748
23.285 0.169907589776
23.290 0.169889653674
23.295 0.16987172444
23.300 0.169853802069
23.305 0.169835886558
23.310 0.169817977905
23.315 0.169800076105
23.320 0.169782181156
23.325 0.169764293054
23.330 0.169746411797
23.335 0.169728537379
23.340 0.1697106698
23.345 0.169692809054
23.350 0.169674955139
23.355 0.169657108052
23.360 0.169639267789
23.365 0.169621434347
23.370 0.169603607722
23.375 0.169585787912
23.380 0.169567974914
23.385 0.169550168723
23.390 0.169532369337
23.395 0.169514576753
23.400 0.169496790966
23.405 0.169479011975
23.410 0.169461239775
23.415 0.169443474363
23.420 0.169425715737
23.425 0.169407963893
23.430 0.169390218827
23.435 0.169372480537
23.440 0.16935474902
23.445 0.169337024271
23.450 0.169319306288
23.455 0.169301595067
23.460 0.169283890606
23.465 0.169266192901
23.470 0.169248501949
23.475 0.169230817747
23.480 0.169213140291
23.485 0.169195469578
23.490 0.169177805606
23.495 0.16916014837
23.500 0.169142497868
23.505 0.169124854096
23.510 0.169107217051
23.515 0.169089586731
23.520 0.169071963132
23.525 0.16905434625
23.530 0.169036736082
23.535 0.169019132626
23.540 0.169001535878
23.545 0.168983945835
23.550 0.168966362494
23.555 0.168948785851
23.560 0.168931215904
23.565 0.168913652649
23.570 0.168896096083
23.575 0.168878546202
23.580 0.168861003005
23.585 0.168843466487
23.590 0.168825936646
23.595 0.168808413478
23.600 0.16879089698
23.605 0.168773387148
23.610 0.168755883981
23.615 0.168738387474
23.620 0.168720897625
23.625 0.168703414431
23.630 0.168685937887
23.635 0.168668467992
23.640 0.168651004741
23.645 0.168633548133
23.650 0.168616098163
23.655 0.168598654828
23.660 0.168581218126
23.665 0.168563788054
23.670 0.168546364607
23.675 0.168528947784
23.680 0.168511537581
23.685 0.168494133994
23.690 0.168476737022
23.695 0.16845934666
23.700 0.168441962905
23.705 0.168424585755
23.710 0.168407215206
23.715 0.168389851256
23.720 0.168372493901
23.725 0.168355143137
23.730 0.168337798963
23.735 0.168320461374
23.740 0.168303130369
23.745 0.168285805943
23.750 0.168268488093
23.755 0.168251176818
23.760 0.168233872112
23.765 0.168216573974
23.770 0.168199282401
23.775 0.168181997388
23.780 0.168164718934
23.785 0.168147447035
23.790 0.168130181688
23.795 0.16811292289
23.800 0.168095670638
23.805 0.168078424928
23.810 0.168061185759
23.815 0.168043953126
23.820 0.168026727027
23.825 0.168009507459
23.830 0.167992294419
23.835 0.167975087903
23.840 0.167957887908
23.845 0.167940694432
23.850 0.167923507472
23.855 0.167906327024
23.860 0.167889153085
23.865 0.167871985653
23.870 0.167854824724
23.875 0.167837670296
23.880 0.167820522365
23.885 0.167803380928
23.890 0.167786245982
23.895 0.167769117525
23.900 0.167751995553
23.905 0.167734880063
23.910 0.167717771053
23.915 0.167700668518
23.920 0.167683572457
23.925 0.167666482867
23.930 0.167649399743
23.935 0.167632323084
23.940 0.167615252886
23.945 0.167598189146
23.950 0.167581131862
23.955 0.16756408103
23.960 0.167547036647
23.965 0.16752999871
23.970 0.167512967217
23.975 0.167495942165
23.980 0.167478923549
23.985 0.167461911368
23.990 0.167444905619
23.995 0.167427906298
24.000 0.167410913402
24.005 0.167393926929
24.010 0.167376946876
24.015 0.16735997324
24.020 0.167343006017
24.025 0.167326045204
24.030 0.1673090908
24.035 0.1672921428
24.040 0.167275201202
24.045 0.167258266004
24.050 0.167241337201
24.055 0.167224414791
24.060 0.167207498771
24.065 0.167190589139
24.070 0.167173685891
24.075 0.167156789024
24.080 0.167139898535
24.085 0.167123014422
24.090 0.167106136682
24.095 0.167089265311
24.100 0.167072400306
24.105 0.167055541666
24.110 0.167038689386
24.115 0.167021843465
24.120 0.167005003898
24.125 0.166988170684
24.130 0.166971343818
24.135 0.166954523299
24.140 0.166937709124
24.145 0.166920901288
24.150 0.166904099791
24.155 0.166887304628
24.160 0.166870515797
24.165 0.166853733295
24.170 0.166836957119
24.175 0.166820187266
24.180 0.166803423734
24.185 0.166786666518
24.190 0.166769915618
24.195 0.166753171028
24.200 0.166736432748
24.205 0.166719700774
24.210 0.166702975102
24.215 0.166686255731
24.220 0.166669542656
24.225 0.166652835877
24.230 0.166636135388
24.235 0.166619441189
24.240 0.166602753275
24.245 0.166586071644
24.250 0.166569396294
24.255 0.16655272722
24.260 0.166536064421
24.265 0.166519407894
24.270 0.166502757635
24.275 0.166486113642
24.280 0.166469475912
24.285 0.166452844442
24.290 0.16643621923
24.295 0.166419600272
24.300 0.166402987566
24.305 0.166386381108
24.310 0.166369780897
24.315 0.166353186929
24.320 0.166336599201
24.325 0.16632001771
24.330 0.166303442455
24.335 0.166286873431
24.340 0.166270310636
24.345 0.166253754068
24.350 0.166237203723
24.355 0.166220659599
24.360 0.166204121692
24.365 0.166187590001
24.370 0.166171064522
24.375 0.166154545252
24.380 0.166138032189
24.385 0.16612152533
24.390 0.166105024671
24.395 0.166088530212
24.400 0.166072041947
24.405 0.166055559875
24.410 0.166039083993
24.415 0.166022614298
24.420 0.166006150788
24.425 0.165989693459
24.430 0.165973242308
24.435 0.165956797334
24.440 0.165940358533
24.445 0.165923925902
24.450 0.165907499439
24.455 0.165891079141
24.460 0.165874665005
24.465 0.165858257029
24.470 0.165841855209
24.475 0.165825459543
24.480 0.165809070028
24.485 0.165792686661
24.490 0.16577630944
24.495 0.165759938362
24.500 0.165743573424
24.505 0.165727214623
24.510 0.165710861957
24.515 0.165694515422
24.520 0.165678175017
24.525 0.165661840738
24.530 0.165645512583
24.535 0.165629190548
24.540 0.165612874632
24.545 0.165596564832
24.550 0.165580261144
24.555 0.165563963565
24.560 0.165547672095
24.565 0.165531386728
24.570 0.165515107464
24.575 0.165498834299
24.580 0.16548256723
24.585 0.165466306255
24.590 0.16545005137
24.595 0.165433802574
24.600 0.165417559864
24.605 0.165401323236
24.610 0.165385092689
24.615 0.165368868219
24.620 0.165352649823
24.625 0.1653364375
24.630 0.165320231246
24.635 0.165304031059
24.640 0.165287836936
24.645 0.165271648874
24.650 0.16525546687
24.655 0.165239290922
24.660 0.165223121028
24.665 0.165206957184
24.670 0.165190799388
24.675 0.165174647638
24.680 0.165158501929
24.685 0.165142362261
24.690 0.165126228629
24.695 0.165110101033
24.700 0.165093979468
24.705 0.165077863932
24.710 0.165061754422
24.715 0.165045650937
24.720 0.165029553473
24.725 0.165013462027
24.730 0.164997376597
24.735 0.16498129718
24.740 0.164965223774
24.745 0.164949156375
24.750 0.164933094982
24.755 0.164917039592
24.760 0.164900990201
24.765 0.164884946808
24.770 0.16486890941
24.775 0.164852878003
24.780 0.164836852586
24.785 0.164820833156
24.790 0.16480481971
24.795 0.164788812246
24.800 0.16477281076
24.805 0.164756815251
24.810 0.164740825715
24.815 0.16472484215
24.820 0.164708864554
24.825 0.164692892923
24.830 0.164676927256
24.835 0.164660967549
24.840 0.164645013801
24.845 0.164629066007
24.850 0.164613124166
24.855 0.164597188276
24.860 0.164581258333
24.865 0.164565334334
24.870 0.164549416278
24.875 0.164533504162
24.880 0.164517597983
24.885 0.164501697739
24.890 0.164485803426
24.895 0.164469915043
24.900 0.164454032586
24.905 0.164438156054
24.910 0.164422285443
24.915 0.164406420752
24.920 0.164390561976
24.925 0.164374709115
24.930 0.164358862165
24.935 0.164343021123
24.940 0.164327185988
24.945 0.164311356756
24.950 0.164295533425
24.955 0.164279715992
24.960 0.164263904456
24.965 0.164248098812
24.970 0.16423229906
24.975 0.164216505195
24.980 0.164200717216
24.985 0.164184935121
24.990 0.164169158905
24.995 0.164153388568
25.000 0.164137624106
25.005 0.16411891387
25.010 0.164100210443
25.015 0.164081513822
25.020 0.164062824003
25.025 0.164044140983
25.030 0.164025464759
25.035 0.164006795328
25.040 0.163988132688
25.045 0.163969476835
25.050 0.163950827766
25.055 0.163932185479
25.060 0.163913549969
25.065 0.163894921235
25.070 0.163876299272
25.075 0.163857684079
25.080 0.163839075652
25.085 0.163820473988
25.090 0.163801879084
25.095 0.163783290937
25.100 0.163764709544
25.105 0.163746134902
25.110 0.163727567008
25.115 0.163709005859
25.120 0.163690451453
25.125 0.163671903785
25.130 0.163653362854
25.135 0.163634828655
25.140 0.163616301187
25.145 0.163597780446
25.150 0.163579266429
25.155 0.163560759133
25.160 0.163542258555
25.165 0.163523764693
25.170 0.163505277542
25.175 0.163486797101
25.180 0.163468323367
25.185 0.163449856335
25.190 0.163431396005
25.195 0.163412942371
25.200 0.163394495432
25.205 0.163376055185
25.210 0.163357621626
25.215 0.163339194752
25.220 0.163320774561
25.225 0.16330236105
25.230 0.163283954216
25.235 0.163265554056
25.240 0.163247160566
25.245 0.163228773744
25.250 0.163210393588
25.255 0.163192020093
25.260 0.163173653257
25.265 0.163155293078
25.270 0.163136939552
25.275 0.163118592676
25.280 0.163100252448
25.285 0.163081918864
25.290 0.163063591921
25.295 0.163045271617
25.300 0.163026957949
25.305 0.163008650914
25.310 0.162990350509
25.315 0.162972056731
25.320 0.162953769576
25.325 0.162935489043
25.330 0.162917215128
25.335 0.162898947829
25.340 0.162880687142
25.345 0.162862433064
25.350 0.162844185594
25.355 0.162825944727
25.360 0.16280771046
25.365 0.162789482792
25.370 0.162771261719
25.375 0.162753047238
25.380 0.162734839347
25.385 0.162716638042
25.390 0.16269844332
25.395 0.16268025518
25.400 0.162662073617
25.405 0.162643898629
25.410 0.162625730213
25.415 0.162607568366
25.420 0.162589413085
25.425 0.162571264369
25.430 0.162553122212
25.435 0.162534986614
25.440 0.16251685757
25.445 0.162498735078
25.450 0.162480619136
25.455 0.16246250974
25.460 0.162444406887
25.465 0.162426310575
25.470 0.162408220801
25.475 0.162390137561
25.480 0.162372060854
25.485 0.162353990676
25.490 0.162335927025
25.495 0.162317869897
25.500 0.162299819289
25.505 0.1622817752
25.510 0.162263737626
25.515 0.162245706564
25.520 0.162227682011
25.525 0.162209663965
25.530 0.162191652423
25.535 0.162173647382
25.540 0.162155648839
25.545 0.162137656791
25.550 0.162119671236
25.555 0.16210169217
25.560 0.162083719591
25.565 0.162065753497
25.570 0.162047793883
25.575 0.162029840749
25.580 0.162011894089
25.585 0.161993953903
25.590 0.161976020187
25.595 0.161958092938
25.600 0.161940172153
25.605 0.16192225783
25.610 0.161904349967
25.615 0.161886448559
25.620 0.161868553604
25.625 0.1618506651
25.630 0.161832783044
25.635 0.161814907433
25.640 0.161797038264
25.645 0.161779175534
25.650 0.161761319241
25.655 0.161743469382
25.660 0.161725625954
25.665 0.161707788955
25.670 0.161689958381
25.675 0.161672134229
25.680 0.161654316498
25.685 0.161636505184
25.690 0.161618700285
25.695 0.161600901797
25.700 0.161583109719
25.705 0.161565324046
25.710 0.161547544777
25.715 0.161529771909
25.720 0.161512005439
25.725 0.161494245364
25.730 0.161476491682
25.735 0.16145874439
25.740 0.161441003484
25.745 0.161423268963
25.750 0.161405540824
25.755 0.161387819063
25.760 0.161370103678
25.765 0.161352394667
25.770 0.161334692026
25.775 0.161316995754
25.780 0.161299305846
25.785 0.161281622301
25.790 0.161263945116
25.795 0.161246274288
25.800 0.161228609814
25.805 0.161210951692
25.810 0.161193299919
25.815 0.161175654492
25.820 0.161158015408
25.825 0.161140382665
25.830 0.161122756261
25.835 0.161105136191
25.840 0.161087522455
25.845 0.161069915048
25.850 0.161052313968
25.855 0.161034719214
25.860 0.161017130781
25.865 0.160999548667
25.870 0.16098197287
25.875 0.160964403386
25.880 0.160946840214
25.885 0.16092928335
25.890 0.160911732792
25.895 0.160894188537
25.900 0.160876650583
25.905 0.160859118926
25.910 0.160841593565
25.915 0.160824074495
25.920 0.160806561716
25.925 0.160789055223
25.930 0.160771555015
25.935 0.160754061089
25.940 0.160736573442
25.945 0.160719092071
25.950 0.160701616974
25.955 0.160684148148
25.960 0.16066668559
25.965 0.160649229298
25.970 0.16063177927
25.975 0.160614335502
25.980 0.160596897991
25.985 0.160579466736
25.990 0.160562041734
25.995 0.160544622981
26.000 0.160527210476
26.005 0.160509804215
26.010 0.160492404196
26.015 0.160475010417
26.020 0.160457622874
26.025 0.160440241566
26.030 0.160422866489
26.035 0.160405497641
26.040 0.160388135019
26.045 0.16037077862
26.050 0.160353428443
26.055 0.160336084484
26.060 0.160318746741
26.065 0.16030141521
26.070 0.160284089891
26.075 0.160266770779
26.080 0.160249457873
26.085 0.160232151169
26.090 0.160214850665
26.095 0.160197556359
26.100 0.160180268248
26.105 0.160162986328
26.110 0.160145710599
26.115 0.160128441057
26.120 0.160111177699
26.125 0.160093920523
26.130 0.160076669526
26.135 0.160059424706
26.140 0.16004218606
26.145 0.160024953586
26.150 0.160007727281
26.155 0.159990507141
26.160 0.159973293166
26.165 0.159956085352
26.170 0.159938883697
26.175 0.159921688197
26.180 0.159904498851
26.185 0.159887315656
26.190 0.15987013861
26.195 0.159852967709
26.200 0.159835802951
26.205 0.159818644334
26.210 0.159801491855
26.215 0.159784345512
26.220 0.159767205301
26.225 0.159750071221
26.230 0.159732943269
26.235 0.159715821442
26.240 0.159698705738
26.245 0.159681596154
26.250 0.159664492687
26.255 0.159647395336
26.260 0.159630304097
26.265 0.159613218968
26.270 0.159596139947
26.275 0.159579067031
26.280 0.159562000217
26.285 0.159544939502
26.290 0.159527884886
26.295 0.159510836363
26.300 0.159493793934
26.305 0.159476757594
26.310 0.159459727341
26.315 0.159442703173
26.320 0.159425685087
26.325 0.15940867308
26.330 0.159391667151
26.335 0.159374667296
26.340 0.159357673514
26.345 0.159340685801
26.350 0.159323704155
26.355 0.159306728573
26.360 0.159289759054
26.365 0.159272795594
26.370 0.159255838191
26.375 0.159238886842
26.380 0.159221941546
26.385 0.159205002299
26.390 0.159188069099
26.395 0.159171141944
26.400 0.159154220831
26.405 0.159137305757
26.410 0.15912039672
26.415 0.159103493718
26.420 0.159086596748
26.425 0.159069705807
26.430 0.159052820894
26.435 0.159035942005
26.440 0.159019069138
26.445 0.159002202291
26.450 0.158985341461
26.455 0.158968486646
26.460 0.158951637843
26.465 0.15893479505
26.470 0.158917958264
26.475 0.158901127483
26.480 0.158884302704
26.485 0.158867483925
26.490 0.158850671143
26.495 0.158833864357
26.500 0.158817063562
26.505 0.158800268758
26.510 0.158783479942
26.515 0.15876669711
26.520 0.158749920262
26.525 0.158733149393
26.530 0.158716384502
26.535 0.158699625587
26.540 0.158682872644
26.545 0.158666125672
26.550 0.158649384668
26.555 0.158632649629
26.560 0.158615920554
26.565 0.158599197439
26.570 0.158582480282
26.575 0.158565769081
26.580 0.158549063834
26.585 0.158532364537
26.590 0.158515671189
26.595 0.158498983787
26.600 0.158482302329
26.605 0.158465626811
26.610 0.158448957233
26.615 0.158432293591
26.620 0.158415635883
26.625 0.158398984106
26.630 0.158382338259
26.635 0.158365698338
26.640 0.158349064342
26.645 0.158332436267
26.650 0.158315814112
26.655 0.158299197874
26.660 0.158282587551
26.665 0.15826598314
26.670 0.158249384639
26.675 0.158232792045
26.680 0.158216205356
26.685 0.15819962457
26.690 0.158183049685
26.695 0.158166480697
26.700 0.158149917604
26.705 0.158133360405
26.710 0.158116809096
26.715 0.158100263676
26.720 0.158083724141
26.725 0.158067190491
26.730 0.158050662721
26.735 0.15803414083
26.740 0.158017624815
26.745 0.158001114675
26.750 0.157984610406
26.755 0.157968112006
26.760 0.157951619473
26.765 0.157935132805
26.770 0.157918651999
26.775 0.157902177053
26.780 0.157885707964
26.785 0.15786924473
26.790 0.157852787349
26.795 0.157836335818
26.800 0.157819890136
26.805 0.157803450298
26.810 0.157787016304
26.815 0.157770588151
26.820 0.157754165837
26.825 0.157737749359
26.830 0.157721338714
26.835 0.157704933901
26.840 0.157688534918
26.845 0.157672141761
26.850 0.157655754428
26.855 0.157639372918
26.860 0.157622997228
26.865 0.157606627354
26.870 0.157590263296
26.875 0.157573905051
26.880 0.157557552617
26.885 0.15754120599
26.890 0.157524865169
26.895 0.157508530152
26.900 0.157492200935
26.905 0.157475877518
26.910 0.157459559897
26.915 0.15744324807
26.920 0.157426942035
26.925 0.15741064179
26.930 0.157394347332
26.935 0.157378058658
26.940 0.157361775768
26.945 0.157345498657
26.950 0.157329227325
26.955 0.157312961768
26.960 0.157296701984
26.965 0.157280447972
26.970 0.157264199728
26.975 0.15724795725
26.980 0.157231720537
26.985 0.157215489586
26.990 0.157199264394
26.995 0.157183044959
27.000 0.157166831279
27.005 0.157150623352
27.010 0.157134421175
27.015 0.157118224747
27.020 0.157102034064
27.025 0.157085849124
27.030 0.157069669926
27.035 0.157053496467
27.040 0.157037328744
27.045 0.157021166756
27.050 0.157005010499
27.055 0.156988859973
27.060 0.156972715174
27.065 0.1569565761
27.070 0.15694044275
27.075 0.15692431512
27.080 0.156908193208
27.085 0.156892077013
27.090 0.156875966531
27.095 0.156859861761
27.100 0.156843762701
27.105 0.156827669347
27.110 0.156811581699
27.115 0.156795499753
27.120 0.156779423507
27.125 0.15676335296
27.130 0.156747288108
27.135 0.15673122895
27.140 0.156715175483
27.145 0.156699127706
27.150 0.156683085615
27.155 0.156667049208
27.160 0.156651018484
27.165 0.156634993441
27.170 0.156618974075
27.175 0.156602960384
27.180 0.156586952367
27.185 0.156570950021
27.190 0.156554953344
27.195 0.156538962334
27.200 0.156522976988
27.205 0.156506997305
27.210 0.156491023281
27.215 0.156475054915
27.220 0.156459092205
27.225 0.156443135148
27.230 0.156427183742
27.235 0.156411237985
27.240 0.156395297874
27.245 0.156379363408
27.250 0.156363434584
27.255 0.1563475114
27.260 0.156331593854
27.265 0.156315681944
27.270 0.156299775667
27.275 0.156283875021
27.280 0.156267980004
27.285 0.156252090613
27.290 0.156236206847
27.295 0.156220328704
27.300 0.156204456181
27.305 0.156188589275
27.310 0.156172727985
27.315 0.156156872309
27.320 0.156141022244
27.325 0.156125177789
27.330 0.15610933894
27.335 0.156093505696
27.340 0.156077678055
27.345 0.156061856014
27.350 0.156046039571
27.355 0.156030228724
27.360 0.156014423471
27.365 0.155998623809
27.370 0.155982829738
27.375 0.155967041253
27.380 0.155951258354
27.385 0.155935481037
27.390 0.155919709301
27.395 0.155903943144
27.400 0.155888182563
27.405 0.155872427557
27.410 0.155856678122
27.415 0.155840934258
27.420 0.155825195961
27.425 0.15580946323
27.430 0.155793736062
27.435 0.155778014455
27.440 0.155762298408
27.445 0.155746587917
27.450 0.155730882982
27.455 0.155715183599
27.460 0.155699489766
27.465 0.155683801482
27.470 0.155668118744
27.475 0.15565244155
27.480 0.155636769897
27.485 0.155621103785
27.490 0.15560544321
27.495 0.155589788171
27.500 0.155574138665
27.505 0.15555849469
27.510 0.155542856244
27.515 0.155527223325
27.520 0.155511595931
27.525 0.155495974059
27.530 0.155480357708
27.535 0.155464746875
27.540 0.155449141558
27.545 0.155433541756
27.550 0.155417947466
27.555 0.155402358685
27.560 0.155386775412
27.565 0.155371197645
27.570 0.155355625381
27.575 0.155340058619
27.580 0.155324497355
27.585 0.155308941589
27.590 0.155293391318
27.595 0.15527784654
27.600 0.155262307253
27.605 0.155246773454
27.610 0.155231245142
27.615 0.155215722314
27.620 0.155200204969
27.625 0.155184693104
27.630 0.155169186717
27.635 0.155153685806
27.640 0.155138190369
27.645 0.155122700404
27.650 0.155107215909
27.655 0.155091736881
27.660 0.155076263319
27.665 0.15506079522
27.670 0.155045332583
27.675 0.155029875405
27.680 0.155014423684
27.685 0.154998977418
27.690 0.154983536605
27.695 0.154968101244
27.700 0.154952671331
27.705 0.154937246865
27.710 0.154921827843
27.715 0.154906414264
27.720 0.154891006126
27.725 0.154875603426
27.730 0.154860206162
27.735 0.154844814333
27.740 0.154829427936
27.745 0.154814046969
27.750 0.154798671431
27.755 0.154783301318
27.760 0.154767936629
27.765 0.154752577362
27.770 0.154737223515
27.775 0.154721875086
27.780 0.154706532073
27.785 0.154691194473
27.790 0.154675862284
27.795 0.154660535506
27.800 0.154645214134
27.805 0.154629898168
27.810 0.154614587606
27.815 0.154599282445
27.820 0.154583982683
27.825 0.154568688318
27.830 0.154553399349
27.835 0.154538115773
27.840 0.154522837587
27.845 0.154507564791
27.850 0.154492297382
27.855 0.154477035358
27.860 0.154461778717
27.865 0.154446527456
27.870 0.154431281575
27.875 0.15441604107
27.880 0.15440080594
27.885 0.154385576183
27.890 0.154370351797
27.895 0.154355132779
27.900 0.154339919128
27.905 0.154324710841
27.910 0.154309507918
27.915 0.154294310355
27.920 0.15427911815
27.925 0.154263931302
27.930 0.154248749809
27.935 0.154233573668
27.940 0.154218402877
27.945 0.154203237435
27.950 0.15418807734
27.955 0.154172922589
27.960 0.154157773181
27.965 0.154142629113
27.970 0.154127490383
27.975 0.15411235699
27.980 0.154097228931
27.985 0.154082106205
27.990 0.154066988809
27.995 0.154051876742
28.000 0.154036770001
28.005 0.154021668584
28.010 0.15400657249
28.015 0.153991481716
28.020 0.153976396261
28.025 0.153961316122
28.030 0.153946241298
28.035 0.153931171786
28.040 0.153916107585
28.045 0.153901048692
28.050 0.153885995106
28.055 0.153870946824
28.060 0.153855903844
28.065 0.153840866166
28.070 0.153825833786
28.075 0.153810806702
28.080 0.153795784913
28.085 0.153780768417
28.090 0.153765757211
28.095 0.153750751295
28.100 0.153735750664
28.105 0.153720755319
28.110 0.153705765256
28.115 0.153690780475
28.120 0.153675800972
28.125 0.153660826746
28.130 0.153645857795
28.135 0.153630894116
28.140 0.153615935709
28.145 0.153600982571
28.150 0.1535860347
28.155 0.153571092094
28.160 0.153556154751
28.165 0.15354122267
28.170 0.153526295848
28.175 0.153511374283
28.180 0.153496457973
28.185 0.153481546917
28.190 0.153466641112
28.195 0.153451740557
28.200 0.153436845249
28.205 0.153421955187
28.210 0.153407070369
28.215 0.153392190792
28.220 0.153377316455
28.225 0.153362447357
28.230 0.153347583493
28.235 0.153332724864
28.240 0.153317871467
28.245 0.153303023301
28.250 0.153288180362
28.255 0.153273342649
28.260 0.153258510161
28.265 0.153243682896
28.270 0.15322886085
28.275 0.153214044024
28.280 0.153199232414
28.285 0.153184426018
28.290 0.153169624836
28.295 0.153154828864
28.300 0.153140038101
28.305 0.153125252545
28.310 0.153110472195
28.315 0.153095697047
28.320 0.153080927101
28.325 0.153066162354
28.330 0.153051402805
28.335 0.153036648451
28.340 0.153021899291
28.345 0.153007155322
28.350 0.152992416543
28.355 0.152977682953
28.360 0.152962954548
28.365 0.152948231327
28.370 0.152933513289
28.375 0.152918800431
28.380 0.152904092751
28.385 0.152889390248
28.390 0.152874692919
28.395 0.152860000763
28.400 0.152845313778
28.405 0.152830631962
28.410 0.152815955313
28.415 0.152801283829
28.420 0.152786617509
28.425 0.152771956349
28.430 0.15275730035
28.435 0.152742649507
28.440 0.152728003821
28.445 0.152713363289
28.450 0.152698727908
28.455 0.152684097677
28.460 0.152669472595
28.465 0.152654852659
28.470 0.152640237868
28.475 0.152625628219
28.480 0.152611023711
28.485 0.152596424342
28.490 0.152581830109
28.495 0.152567241012
28.500 0.152552657048
28.505 0.152538078215
28.510 0.152523504512
28.515 0.152508935937
28.520 0.152494372487
28.525 0.152479814161
28.530 0.152465260958
28.535 0.152450712874
28.540 0.152436169909
28.545 0.152421632061
28.550 0.152407099327
28.555 0.152392571705
28.560 0.152378049195
28.565 0.152363531794
28.570 0.1523490195
28.575 0.152334512311
28.580 0.152320010226
28.585 0.152305513243
28.590 0.152291021359
28.595 0.152276534574
28.600 0.152262052885
28.605 0.15224757629
28.610 0.152233104787
28.615 0.152218638375
28.620 0.152204177052
28.625 0.152189720816
28.630 0.152175269665
28.635 0.152160823597
28.640 0.152146382611
28.645 0.152131946704
28.650 0.152117515875
28.655 0.152103090123
28.660 0.152088669444
28.665 0.152074253838
28.670 0.152059843302
28.675 0.152045437835
28.680 0.152031037434
28.685 0.152016642099
28.690 0.152002251827
28.695 0.151987866616
28.700 0.151973486465
28.705 0.151959111372
28.710 0.151944741335
28.715 0.151930376351
28.720 0.15191601642
28.725 0.15190166154
28.730 0.151887311708
28.735 0.151872966924
28.740 0.151858627184
28.745 0.151844292487
28.750 0.151829962832
28.755 0.151815638217
28.760 0.15180131864
28.765 0.151787004098
28.770 0.151772694591
28.775 0.151758390117
28.780 0.151744090673
28.785 0.151729796258
28.790 0.15171550687
28.795 0.151701222507
28.800 0.151686943168
28.805 0.15167266885
28.810 0.151658399553
28.815 0.151644135273
28.820 0.15162987601
28.825 0.151615621762
28.830 0.151601372526
28.835 0.151587128301
28.840 0.151572889086
28.845 0.151558654877
28.850 0.151544425675
28.855 0.151530201476
28.860 0.15151598228
28.865 0.151501768083
28.870 0.151487558885
28.875 0.151473354684
28.880 0.151459155478
28.885 0.151444961265
28.890 0.151430772044
28.895 0.151416587812
28.900 0.151402408568
28.905 0.151388234311
28.910 0.151374065037
28.915 0.151359900747
28.920 0.151345741437
28.925 0.151331587106
28.930 0.151317437752
28.935 0.151303293374
28.940 0.15128915397
28.945 0.151275019538
28.950 0.151260890076
28.955 0.151246765583
28.960 0.151232646056
28.965 0.151218531495
28.970 0.151204421896
28.975 0.15119031726
28.980 0.151176217583
28.985 0.151162122864
28.990 0.151148033101
28.995 0.151133948293
29.000 0.151119868437
29.005 0.151105793533
29.010 0.151091723578
29.015 0.15107765857
29.020 0.151063598509
29.025 0.151049543391
29.030 0.151035493216
29.035 0.151021447981
29.040 0.151007407685
29.045 0.150993372327
29.050 0.150979341904
29.055 0.150965316414
29.060 0.150951295856
29.065 0.150937280229
29.070 0.15092326953
29.075 0.150909263758
29.080 0.150895262911
29.085 0.150881266987
29.090 0.150867275984
29.095 0.150853289902
29.100 0.150839308738
29.105 0.15082533249
29.110 0.150811361157
29.115 0.150797394737
29.120 0.150783433228
29.125 0.150769476628
29.130 0.150755524937
29.135 0.150741578151
29.140 0.150727636271
29.145 0.150713699292
29.150 0.150699767215
29.155 0.150685840037
29.160 0.150671917757
29.165 0.150658000372
29.170 0.150644087882
29.175 0.150630180284
29.180 0.150616277577
29.185 0.150602379759
29.190 0.150588486828
29.195 0.150574598783
29.200 0.150560715622
29.205 0.150546837343
29.210 0.150532963945
29.215 0.150519095426
29.220 0.150505231784
29.225 0.150491373017
29.230 0.150477519124
29.235 0.150463670103
29.240 0.150449825953
29.245 0.150435986672
29.250 0.150422152257
29.255 0.150408322708
29.260 0.150394498022
29.265 0.150380678199
29.270 0.150366863236
29.275 0.150353053131
29.280 0.150339247884
29.285 0.150325447492
29.290 0.150311651953
29.295 0.150297861266
29.300 0.15028407543
29.305 0.150270294442
29.310 0.150256518301
29.315 0.150242747005
29.320 0.150228980553
29.325 0.150215218943
29.330 0.150201462173
29.335 0.150187710241
29.340 0.150173963147
29.345 0.150160220887
29.350 0.150146483462
29.355 0.150132750868
29.360 0.150119023104
29.365 0.150105300169
29.370 0.150091582061
29.375 0.150077868778
29.380 0.150064160319
29.385 0.150050456682
29.390 0.150036757865
29.395 0.150023063867
29.400 0.150009374685
29.405 0.149995690319
29.410 0.149982010767
29.415 0.149968336027
29.420 0.149954666097
29.425 0.149941000976
29.430 0.149927340662
29.435 0.149913685154
29.440 0.149900034449
29.445 0.149886388546
29.450 0.149872747444
29.455 0.149859111141
29.460 0.149845479636
29.465 0.149831852925
29.470 0.149818231009
29.475 0.149804613885
29.480 0.149791001552
29.485 0.149777394008
29.490 0.149763791252
29.495 0.149750193281
29.500 0.149736600094
29.505 0.14972301169
29.510 0.149709428067
29.515 0.149695849224
29.520 0.149682275157
29.525 0.149668705867
29.530 0.149655141352
29.535 0.149641581609
29.540 0.149628026637
29.545 0.149614476435
29.550 0.149600931001
29.555 0.149587390334
29.560 0.149573854431
29.565 0.149560323291
29.570 0.149546796912
29.575 0.149533275294
29.580 0.149519758433
29.585 0.14950624633
29.590 0.149492738981
29.595 0.149479236386
29.600 0.149465738543
29.605 0.14945224545
29.610 0.149438757105
29.615 0.149425273508
29.620 0.149411794656
29.625 0.149398320547
29.630 0.149384851181
29.635 0.149371386556
29.640 0.149357926669
29.645 0.14934447152
29.650 0.149331021107
29.655 0.149317575428
29.660 0.149304134481
29.665 0.149290698266
29.670 0.14927726678
29.675 0.149263840022
29.680 0.14925041799
29.685 0.149237000683
29.690 0.149223588099
29.695 0.149210180236
29.700 0.149196777093
29.705 0.149183378669
29.710 0.149169984961
29.715 0.149156595968
29.720 0.149143211689
29.725 0.149129832122
29.730 0.149116457265
29.735 0.149103087118
29.740 0.149089721677
29.745 0.149076360942
29.750 0.149063004911
29.755 0.149049653583
29.760 0.149036306956
29.765 0.149022965028
29.770 0.149009627798
29.775 0.148996295264
29.780 0.148982967424
29.785 0.148969644278
29.790 0.148956325824
29.795 0.148943012059
29.800 0.148929702983
29.805 0.148916398593
29.810 0.148903098889
29.815 0.148889803869
29.820 0.148876513531
29.825 0.148863227873
29.830 0.148849946894
29.835 0.148836670593
29.840 0.148823398968
29.845 0.148810132017
29.850 0.148796869739
29.855 0.148783612132
29.860 0.148770359195
29.865 0.148757110926
29.870 0.148743867324
29.875 0.148730628387
29.880 0.148717394113
29.885 0.148704164501
29.890 0.14869093955
29.895 0.148677719257
29.900 0.148664503622
29.905 0.148651292643
29.910 0.148638086318
29.915 0.148624884645
29.920 0.148611687624
29.925 0.148598495252
29.930 0.148585307529
29.935 0.148572124452
29.940 0.14855894602
29.945 0.148545772231
29.950 0.148532603085
29.955 0.148519438579
29.960 0.148506278712
29.965 0.148493123482
29.970 0.148479972888
29.975 0.148466826928
29.980 0.148453685601
29.985 0.148440548906
29.990 0.14842741684
29.995 0.148414289402
