0.500 8.46423369105
0.505 8.42214118948
0.510 8.38099508448
0.515 8.3407625155
0.520 8.30141231407
0.525 8.2629148911
0.530 8.22524213329
0.535 8.19160714931
0.540 8.15872012373
0.545 8.12655767286
0.550 8.09509751593
0.555 8.06431840816
0.560 8.03420007875
0.565 7.99932478726
0.570 7.96510737689
0.575 7.93152898018
0.580 7.89857154153
0.585 7.86621777206
0.590 7.8344511076
0.595 7.80325566946
0.600 7.77261622786
0.605 7.74432744955
0.610 7.71653110747
0.615 7.68921412998
0.620 7.66236395098
0.625 7.63596848442
0.630 7.61001610046
0.635 7.58449560308
0.640 7.559396209
0.645 7.53470752794
0.650 7.51041954393
0.655 7.48652259781
0.660 7.46300737071
0.665 7.43986486845
0.670 7.41708640684
0.675 7.39466359778
0.680 7.37258833618
0.685 7.35085278753
0.690 7.32944937616
0.695 7.30837077415
0.700 7.28760989081
0.705 7.26565681681
0.710 7.24402293266
0.715 7.22270158438
0.720 7.20168632508
0.725 7.18097090658
0.730 7.1605492715
0.735 7.14041554575
0.740 7.12056403136
0.745 7.10098919967
0.750 7.08168568482
0.755 7.06264827762
0.760 7.04387191961
0.765 7.02535169746
0.770 7.00708283764
0.775 6.98906070125
0.780 6.9712807792
0.785 6.95373868751
0.790 6.93643016287
0.795 6.91935105837
0.800 6.90249733944
0.805 6.88480442534
0.810 6.86732474917
0.815 6.85005451559
0.820 6.83299002761
0.825 6.81612768331
0.830 6.79946397264
0.835 6.78299547438
0.840 6.76671885325
0.845 6.75063085706
0.850 6.73472831407
0.855 6.7190081304
0.860 6.70346728752
0.865 6.68810283991
0.870 6.67291191276
0.875 6.65789169974
0.880 6.64303946095
0.885 6.62835252082
0.890 6.61382826619
0.895 6.59946414441
0.900 6.58525766156
0.905 6.56753440795
0.910 6.54997714993
0.915 6.53258331502
0.920 6.51535038766
0.925 6.49827590753
0.930 6.481357468
0.935 6.46459271458
0.940 6.44797934345
0.945 6.43151510006
0.950 6.41519777772
0.955 6.39902521631
0.960 6.38299530098
0.965 6.36710596093
0.970 6.3513551682
0.975 6.33574093651
0.980 6.32026132017
0.985 6.30491441298
0.990 6.28969834718
0.995 6.27461129247
1.000 6.25965145499
1.005 6.24318557155
1.010 6.22685091992
1.015 6.21064571563
1.020 6.19456820877
1.025 6.17861668314
1.030 6.16278945539
1.035 6.14708487418
1.040 6.13150131942
1.045 6.11603720151
1.050 6.10069096052
1.055 6.08546106556
1.060 6.07034601402
1.065 6.0553443309
1.070 6.04045456816
1.075 6.02567530406
1.080 6.01100514256
1.085 5.9964427127
1.090 5.98198666801
1.095 5.96763568597
1.100 5.95338846742
1.105 5.93974868092
1.110 5.92620788047
1.115 5.91276485846
1.120 5.89941842817
1.125 5.88616742332
1.130 5.87301069764
1.135 5.85994712438
1.140 5.84697559591
1.145 5.83409502327
1.150 5.82130433579
1.155 5.80860248068
1.160 5.79598842263
1.165 5.78346114344
1.170 5.77101964165
1.175 5.75866293221
1.180 5.74639004608
1.185 5.73420002994
1.190 5.72209194582
1.195 5.7100648708
1.200 5.69811789671
1.205 5.68623792511
1.210 5.67443633133
1.215 5.6627122491
1.220 5.65106482568
1.225 5.63949322164
1.230 5.62799661058
1.235 5.61657417883
1.240 5.60522512524
1.245 5.5939486609
1.250 5.58274400892
1.255 5.57161040417
1.260 5.56054709307
1.265 5.54955333335
1.270 5.53862839382
1.275 5.52777155419
1.280 5.51698210483
1.285 5.50625934657
1.290 5.4956025905
1.295 5.48501115778
1.300 5.47448437945
1.305 5.46324364528
1.310 5.45206908151
1.315 5.44096002164
1.320 5.42991580868
1.325 5.41893579495
1.330 5.40801934196
1.335 5.39716582019
1.340 5.38637460896
1.345 5.37564509624
1.350 5.36497667852
1.355 5.35436876064
1.360 5.34382075565
1.365 5.33333208465
1.370 5.32290217667
1.375 5.31253046851
1.380 5.30221640458
1.385 5.29195943684
1.390 5.28175902458
1.395 5.27161463436
1.400 5.26152573983
1.405 5.25386060422
1.410 5.24624129716
1.415 5.23866738468
1.420 5.23113843855
1.425 5.22365403621
1.430 5.21621376065
1.435 5.20881720034
1.440 5.2014639491
1.445 5.19415360607
1.450 5.18688577555
1.455 5.17966006695
1.460 5.17247609473
1.465 5.16533347827
1.470 5.15823184179
1.475 5.15117081432
1.480 5.14415002957
1.485 5.13716912588
1.490 5.13022774613
1.495 5.12332553767
1.500 5.11646215226
1.505 5.1086075186
1.510 5.10079476884
1.515 5.09302353911
1.520 5.08529346999
1.525 5.07760420646
1.530 5.06995539777
1.535 5.06234669745
1.540 5.05477776318
1.545 5.04724825676
1.550 5.03975784403
1.555 5.03230619482
1.560 5.02489298288
1.565 5.01751788582
1.570 5.01018058507
1.575 5.00288076578
1.580 4.99561811679
1.585 4.9883923306
1.590 4.98120310325
1.595 4.97405013433
1.600 4.9669331269
1.605 4.9568451777
1.610 4.94680045564
1.615 4.93679861109
1.620 4.92683929839
1.625 4.91692217573
1.630 4.90704690513
1.635 4.89721315238
1.640 4.88742058696
1.645 4.87766888203
1.650 4.86795771435
1.655 4.8582867642
1.660 4.8486557154
1.665 4.83906425521
1.670 4.82951207427
1.675 4.81999886661
1.680 4.81052432953
1.685 4.80108816361
1.690 4.79169007264
1.695 4.78232976358
1.700 4.77300694652
1.705 4.7672068583
1.710 4.76143489848
1.715 4.75569085162
1.720 4.74997450457
1.725 4.74428564646
1.730 4.73862406868
1.735 4.73298956482
1.740 4.72738193066
1.745 4.72180096412
1.750 4.71624646528
1.755 4.71071823628
1.760 4.70521608135
1.765 4.69973980674
1.770 4.69428922074
1.775 4.6888641336
1.780 4.68346435755
1.785 4.67808970673
1.790 4.67273999722
1.795 4.66741504696
1.800 4.66211467574
1.805 4.65704492139
1.810 4.65199874686
1.815 4.64697598139
1.820 4.64197645598
1.825 4.63700000332
1.830 4.63204645777
1.835 4.62711565537
1.840 4.62220743377
1.845 4.61732163226
1.850 4.61245809172
1.855 4.60761665459
1.860 4.60279716488
1.865 4.59799946814
1.870 4.59322341141
1.875 4.58846884326
1.880 4.58373561371
1.885 4.57902357425
1.890 4.57433257782
1.895 4.56966247877
1.900 4.56501313286
1.905 4.5569391359
1.910 4.54889338691
1.915 4.54087569396
1.920 4.53288586695
1.925 4.52492371753
1.930 4.5169890591
1.935 4.5090817068
1.940 4.50120147745
1.945 4.49334818958
1.950 4.48552166337
1.955 4.47772172065
1.960 4.46994818488
1.965 4.46220088112
1.970 4.45447963601
1.975 4.44678427777
1.980 4.43911463617
1.985 4.43147054251
1.990 4.4238518296
1.995 4.41625833173
2.000 4.40868988471
2.005 4.40520716153
2.010 4.40173977521
2.015 4.39828762402
2.020 4.39485060719
2.025 4.39142862485
2.030 4.38802157805
2.035 4.38462936872
2.040 4.38125189969
2.045 4.37788907467
2.050 4.37454079822
2.055 4.37120697578
2.060 4.36788751362
2.065 4.36458231885
2.070 4.36129129942
2.075 4.35801436408
2.080 4.3547514224
2.085 4.35150238474
2.090 4.34826716227
2.095 4.34504566692
2.100 4.34183781141
2.105 4.33729077952
2.110 4.33276104129
2.115 4.32824849117
2.120 4.32375302455
2.125 4.31927453767
2.130 4.31481292767
2.135 4.31036809257
2.140 4.30593993125
2.145 4.30152834342
2.150 4.29713322967
2.155 4.2927544914
2.160 4.28839203083
2.165 4.28404575102
2.170 4.27971555582
2.175 4.27540134989
2.180 4.27110303867
2.185 4.2668205284
2.190 4.26255372607
2.195 4.25830253946
2.200 4.25406687708
2.205 4.24810265079
2.210 4.24215724824
2.215 4.23623056086
2.220 4.23032248097
2.225 4.22443290175
2.230 4.21856171724
2.235 4.21270882232
2.240 4.20687411272
2.245 4.20105748499
2.250 4.19525883649
2.255 4.18947806542
2.260 4.18371507075
2.265 4.17796975227
2.270 4.17224201055
2.275 4.16653174695
2.280 4.16083886357
2.285 4.15516326332
2.290 4.14950484982
2.295 4.14386352747
2.300 4.1382392014
2.305 4.13388505053
2.310 4.12954547769
2.315 4.12522040248
2.320 4.12090974513
2.325 4.11661342648
2.330 4.11233136798
2.335 4.10806349168
2.340 4.10380972024
2.345 4.09956997689
2.350 4.09534418547
2.355 4.09113227038
2.360 4.08693415663
2.365 4.08274976975
2.370 4.07857903586
2.375 4.07442188165
2.380 4.07027823434
2.385 4.06614802171
2.390 4.06203117207
2.395 4.05792761429
2.400 4.05383727773
2.405 4.05005233189
2.410 4.04627986487
2.415 4.04251981047
2.420 4.03877210302
2.425 4.03503667731
2.430 4.03131346862
2.435 4.0276024127
2.440 4.0239034458
2.445 4.02021650461
2.450 4.01654152628
2.455 4.01287844845
2.460 4.00922720919
2.465 4.00558774702
2.470 4.00196000093
2.475 3.99834391033
2.480 3.99473941508
2.485 3.99114645546
2.490 3.9875649722
2.495 3.98399490645
2.500 3.98043619978
2.505 3.9777560952
2.510 3.97508526785
2.515 3.97242366935
2.520 3.9697712517
2.525 3.96712796722
2.530 3.96449376857
2.535 3.96186860877
2.540 3.95925244115
2.545 3.9566452194
2.550 3.95404689752
2.555 3.95145742985
2.560 3.94887677103
2.565 3.94630487606
2.570 3.94374170022
2.575 3.94118719912
2.580 3.9386413287
2.585 3.93610404518
2.590 3.9335753051
2.595 3.9310550653
2.600 3.92854328293
2.605 3.92480868646
2.610 3.92108503202
2.615 3.91737226649
2.620 3.91367033711
2.625 3.90997919148
2.630 3.90629877754
2.635 3.9026290436
2.640 3.89896993831
2.645 3.89532141068
2.650 3.89168341004
2.655 3.88805588608
2.660 3.88443878883
2.665 3.88083206863
2.670 3.87723567618
2.675 3.87364956248
2.680 3.87007367889
2.685 3.86650797707
2.690 3.86295240901
2.695 3.85940692701
2.700 3.85587148368
2.705 3.85255466479
2.710 3.84924742456
2.715 3.84594971811
2.720 3.84266150085
