3.240 0.443071149479
3.245 0.442745882626
3.250 0.442421389295
3.255 0.44209766648
3.260 0.441774711191
3.265 0.441452520457
3.270 0.441131091321
3.275 0.440810420843
3.280 0.440490506097
3.285 0.440171344175
3.290 0.439852932184
3.295 0.439535267246
3.300 0.4392183465
3.305 0.438902167098
3.310 0.438586726209
3.315 0.438272021016
3.320 0.43795804872
3.325 0.437644806532
3.330 0.437332291683
3.335 0.437020501414
3.340 0.436709432985
3.345 0.436399083667
3.350 0.436089450748
3.355 0.435780531528
3.360 0.435472323323
3.365 0.435164823463
3.370 0.434858029292
3.375 0.434551938166
3.380 0.434246547459
3.385 0.433941854554
3.390 0.433637856852
3.395 0.433334551763
3.400 0.433031936716
3.405 0.432730009148
3.410 0.432428766513
3.415 0.432128206277
3.420 0.431828325918
3.425 0.43152912293
3.430 0.431230594816
3.435 0.430932739096
3.440 0.4306355533
3.445 0.430339034971
3.450 0.430043181666
3.455 0.429747990953
3.460 0.429453460413
3.465 0.42915958764
3.470 0.42886637024
3.475 0.42857380583
3.480 0.428281892041
3.485 0.427990626515
3.490 0.427700006905
3.495 0.427410030879
3.500 0.427120696114
3.505 0.426832000299
3.510 0.426543941136
3.515 0.426256516337
3.520 0.425969723628
3.525 0.425683560743
3.530 0.42539802543
3.535 0.425113115447
3.540 0.424828828564
3.545 0.424545162562
3.550 0.424262115233
3.555 0.42397968438
3.560 0.423697867815
3.565 0.423416663365
3.570 0.423136068865
3.575 0.42285608216
3.580 0.422576701107
3.585 0.422297923575
3.590 0.422019747441
3.595 0.421742170593
3.600 0.421465190931
3.605 0.421188806363
3.610 0.420913014808
3.615 0.420637814197
3.620 0.420363202469
3.625 0.420089177574
3.630 0.419815737472
3.635 0.419542880131
3.640 0.419270603533
3.645 0.418998905666
3.650 0.418727784529
3.655 0.418457238132
3.660 0.418187264492
3.665 0.417917861638
3.670 0.417649027608
3.675 0.417380760448
3.680 0.417113058214
3.685 0.416845918973
3.690 0.4165793408
3.695 0.416313321779
3.700 0.416047860003
3.705 0.415782953574
3.710 0.415518600605
3.715 0.415254799216
3.720 0.414991547536
3.725 0.414728843704
3.730 0.414466685867
3.735 0.414205072181
3.740 0.413944000811
3.745 0.41368346993
3.750 0.413423477721
3.755 0.413164022373
3.760 0.412905102086
3.765 0.412646715067
3.770 0.412388859534
3.775 0.412131533709
3.780 0.411874735825
3.785 0.411618464124
3.790 0.411362716855
3.795 0.411107492274
3.800 0.410852788648
3.805 0.41059860425
3.810 0.410344937361
3.815 0.410091786271
3.820 0.409839149277
3.825 0.409587024684
3.830 0.409335410806
3.835 0.409084305963
3.840 0.408833708484
3.845 0.408583616706
3.850 0.408334028972
3.855 0.408084943633
3.860 0.40783635905
3.865 0.407588273588
3.870 0.407340685622
3.875 0.407093593532
3.880 0.406846995709
3.885 0.406600890547
3.890 0.406355276451
3.895 0.406110151832
3.900 0.405865515107
3.905 0.405621364701
3.910 0.405377699047
3.915 0.405134516584
3.920 0.404891815758
3.925 0.404649595023
3.930 0.404407852839
3.935 0.404166587674
3.940 0.403925798
3.945 0.4036854823
3.950 0.403445639061
3.955 0.403206266778
3.960 0.402967363952
3.965 0.40272892909
3.970 0.402490960707
3.975 0.402253457325
3.980 0.402016417472
3.985 0.40177983968
3.990 0.401543722492
3.995 0.401308064455
4.000 0.401072864122
4.005 0.400845712475
4.010 0.400619008364
4.015 0.400392750385
4.020 0.400166937141
4.025 0.399941567241
4.030 0.399716639298
4.035 0.399492151934
4.040 0.399268103775
4.045 0.399044493454
4.050 0.398821319609
4.055 0.398598580887
4.060 0.398376275936
4.065 0.398154403413
4.070 0.397932961981
4.075 0.397711950307
4.080 0.397491367066
4.085 0.397271210937
4.090 0.397051480606
4.095 0.396832174763
4.100 0.396613292105
4.105 0.396394831334
4.110 0.396176791158
4.115 0.39595917029
4.120 0.39574196745
4.125 0.395525181361
4.130 0.395308810754
4.135 0.395092854364
4.140 0.394877310931
4.145 0.394662179202
4.150 0.394447457928
4.155 0.394233145866
4.160 0.394019241777
4.165 0.393805744429
4.170 0.393592652595
4.175 0.393379965052
4.180 0.393167680583
4.185 0.392955797976
4.190 0.392744316024
4.195 0.392533233525
4.200 0.392322549283
4.205 0.392112262106
4.210 0.391902370807
4.215 0.391692874205
4.220 0.391483771122
4.225 0.391275060387
4.230 0.391066740833
4.235 0.390858811298
4.240 0.390651270625
4.245 0.39044411766
4.250 0.390237351257
4.255 0.390030970274
4.260 0.38982497357
4.265 0.389619360014
4.270 0.389414128477
4.275 0.389209277834
4.280 0.389004806966
4.285 0.388800714758
4.290 0.388597000101
4.295 0.388393661888
4.300 0.388190699019
4.305 0.387988110397
4.310 0.38778589493
4.315 0.38758405153
4.320 0.387382579115
4.325 0.387181476605
4.330 0.386980742926
4.335 0.386780377009
4.340 0.386580377788
4.345 0.386380744202
4.350 0.386181475193
4.355 0.385982569709
4.360 0.385784026702
4.365 0.385585845128
4.370 0.385388023947
4.375 0.385190562123
4.380 0.384993458624
4.385 0.384796712424
4.390 0.384600322499
4.395 0.38440428783
4.400 0.384208607401
4.405 0.384013280204
4.410 0.383818305229
4.415 0.383623681474
4.420 0.383429407942
4.425 0.383235483636
4.430 0.383041907565
4.435 0.382848678744
4.440 0.382655796189
4.445 0.38246325892
4.450 0.382271065963
4.455 0.382079216347
4.460 0.381887709103
4.465 0.381696543268
4.470 0.381505717883
4.475 0.381315231991
4.480 0.38112508464
4.485 0.380935274881
4.490 0.38074580177
4.495 0.380556664365
4.500 0.38036786173
4.505 0.38017939293
4.510 0.379991257035
4.515 0.37980345312
4.520 0.37961598026
4.525 0.379428837538
4.530 0.379242024037
4.535 0.379055538845
4.540 0.378869381054
4.545 0.378683549759
4.550 0.378498044058
4.555 0.378312863054
4.560 0.378128005851
4.565 0.37794347156
4.570 0.377759259292
4.575 0.377575368164
4.580 0.377391797294
4.585 0.377208545805
4.590 0.377025612824
4.595 0.376842997479
4.600 0.376660698903
4.605 0.376478716233
4.610 0.376297048608
4.615 0.376115695171
4.620 0.375934655067
4.625 0.375753927445
4.630 0.375573511459
4.635 0.375393406264
4.640 0.375213611019
4.645 0.375034124885
4.650 0.374854947029
4.655 0.374676076618
4.660 0.374497512825
4.665 0.374319254823
4.670 0.374141301792
4.675 0.373963652911
4.680 0.373786307365
4.685 0.373609264341
4.690 0.37343252303
4.695 0.373256082624
4.700 0.37307994232
4.705 0.372904101316
4.710 0.372728558816
4.715 0.372553314025
4.720 0.372378366151
4.725 0.372203714405
4.730 0.372029358001
4.735 0.371855296157
4.740 0.371681528092
4.745 0.371508053029
4.750 0.371334870195
4.755 0.371161978817
4.760 0.370989378128
4.765 0.370817067361
4.770 0.370645045755
4.775 0.370473312549
4.780 0.370301866985
4.785 0.37013070831
4.790 0.369959835772
4.795 0.369789248622
4.800 0.369618946115
4.805 0.369448927506
4.810 0.369279192055
4.815 0.369109739025
4.820 0.36894056768
4.825 0.368771677288
4.830 0.368603067119
4.835 0.368434736446
4.840 0.368266684544
4.845 0.368098910691
4.850 0.36793141417
4.855 0.367764194262
4.860 0.367597250253
4.865 0.367430581433
4.870 0.367264187093
4.875 0.367098066526
4.880 0.366932219029
4.885 0.366766643901
4.890 0.366601340442
4.895 0.366436307957
4.900 0.366271545753
4.905 0.366107053138
4.910 0.365942829423
4.915 0.365778873923
4.920 0.365615185953
4.925 0.365451764833
4.930 0.365288609884
4.935 0.36512572043
4.940 0.364963095795
4.945 0.36480073531
4.950 0.364638638305
4.955 0.364476804113
4.960 0.36431523207
4.965 0.364153921513
4.970 0.363992871784
4.975 0.363832082224
4.980 0.36367155218
4.985 0.363511280997
4.990 0.363351268026
4.995 0.363191512619
5.000 0.36303201413
5.005 0.362858706262
5.010 0.362685664717
5.015 0.362512888829
5.020 0.362340377933
5.025 0.362168131367
5.030 0.361996148472
5.035 0.361824428589
5.040 0.361652971064
5.045 0.361481775244
5.050 0.361310840478
5.055 0.361140166117
5.060 0.360969751517
5.065 0.360799596032
5.070 0.360629699021
5.075 0.360460059845
5.080 0.360290677867
5.085 0.360121552451
5.090 0.359952682965
5.095 0.359784068778
5.100 0.359615709262
5.105 0.359447603791
5.110 0.359279751741
5.115 0.359112152488
5.120 0.358944805415
5.125 0.358777709903
5.130 0.358610865336
5.135 0.358444271102
5.140 0.358277926588
5.145 0.358111831186
5.150 0.357945984288
5.155 0.35778038529
5.160 0.357615033588
5.165 0.357449928581
5.170 0.35728506967
5.175 0.357120456259
5.180 0.356956087753
5.185 0.356791963559
5.190 0.356628083085
5.195 0.356464445744
5.200 0.356301050948
5.205 0.356137898113
5.210 0.355974986655
5.215 0.355812315995
5.220 0.355649885552
5.225 0.35548769475
5.230 0.355325743013
5.235 0.35516402977
5.240 0.355002554448
5.245 0.354841316478
5.250 0.354680315293
5.255 0.354519550327
5.260 0.354359021018
5.265 0.354198726803
5.270 0.354038667122
5.275 0.353878841417
5.280 0.353719249133
5.285 0.353559889715
5.290 0.353400762611
5.295 0.35324186727
5.300 0.353083203144
5.305 0.352924769685
5.310 0.352766566349
5.315 0.352608592592
5.320 0.352450847873
5.325 0.352293331652
5.330 0.352136043392
5.335 0.351978982556
5.340 0.351822148609
5.345 0.351665541019
5.350 0.351509159256
5.355 0.35135300279
5.360 0.351197071094
5.365 0.351041363642
5.370 0.35088587991
5.375 0.350730619377
5.380 0.350575581521
5.385 0.350420765824
5.390 0.350266171768
5.395 0.350111798839
5.400 0.349957646523
5.405 0.349803714307
5.410 0.349650001681
5.415 0.349496508136
5.420 0.349343233166
5.425 0.349190176265
5.430 0.349037336929
5.435 0.348884714656
5.440 0.348732308946
5.445 0.348580119299
5.450 0.348428145218
5.455 0.348276386208
5.460 0.348124841774
5.465 0.347973511424
5.470 0.347822394667
5.475 0.347671491014
5.480 0.347520799976
5.485 0.347370321068
5.490 0.347220053805
5.495 0.347069997704
5.500 0.346920152284
5.505 0.346770517063
5.510 0.346621091564
5.515 0.346471875311
5.520 0.346322867826
5.525 0.346174068637
5.530 0.346025477272
5.535 0.345877093258
5.540 0.345728916127
5.545 0.345580945411
5.550 0.345433180643
5.555 0.345285621359
5.560 0.345138267095
5.565 0.344991117388
5.570 0.344844171779
5.575 0.344697429808
5.580 0.344550891018
5.585 0.344404554952
5.590 0.344258421156
5.595 0.344112489175
5.600 0.343966758559
5.605 0.343821228857
5.610 0.343675899619
5.615 0.343530770398
5.620 0.343385840748
5.625 0.343241110224
5.630 0.343096578382
5.635 0.34295224478
5.640 0.342808108977
5.645 0.342664170534
5.650 0.342520429014
5.655 0.342376883979
5.660 0.342233534993
5.665 0.342090381624
5.670 0.341947423439
5.675 0.341804660006
5.680 0.341662090895
5.685 0.341519715678
5.690 0.341377533928
5.695 0.341235545219
5.700 0.341093749125
5.705 0.340952145225
5.710 0.340810733095
5.715 0.340669512315
5.720 0.340528482466
5.725 0.34038764313
5.730 0.340246993889
5.735 0.340106534328
5.740 0.339966264033
5.745 0.339826182591
5.750 0.33968628959
5.755 0.33954658462
5.760 0.339407067271
5.765 0.339267737136
5.770 0.339128593807
5.775 0.33898963688
5.780 0.338850865949
5.785 0.338712280612
5.790 0.338573880467
5.795 0.338435665114
5.800 0.338297634153
5.805 0.338159787185
5.810 0.338022123815
5.815 0.337884643645
5.820 0.337747346282
5.825 0.337610231333
5.830 0.337473298404
5.835 0.337336547106
5.840 0.337199977047
5.845 0.33706358784
5.850 0.336927379097
5.855 0.336791350432
5.860 0.33665550146
5.865 0.336519831795
5.870 0.336384341057
5.875 0.336249028863
5.880 0.336113894832
5.885 0.335978938585
5.890 0.335844159743
5.895 0.33570955793
5.900 0.33557513277
5.905 0.335440883887
5.910 0.335306810908
5.915 0.33517291346
5.920 0.335039191171
5.925 0.334905643671
5.930 0.334772270591
5.935 0.334639071562
5.940 0.334506046217
5.945 0.33437319419
5.950 0.334240515116
5.955 0.334108008631
5.960 0.333975674372
5.965 0.333843511977
5.970 0.333711521086
5.975 0.333579701338
5.980 0.333448052376
5.985 0.333316573842
5.990 0.333185265378
5.995 0.33305412663
6.000 0.332923157244
6.005 0.332785856951
6.010 0.332648730289
6.015 0.332511776898
6.020 0.332374996417
6.025 0.332238388487
6.030 0.332101952751
6.035 0.331965688852
6.040 0.331829596433
6.045 0.331693675141
6.050 0.33155792462
6.055 0.331422344519
6.060 0.331286934486
6.065 0.33115169417
6.070 0.331016623222
6.075 0.330881721292
6.080 0.330746988034
6.085 0.330612423099
6.090 0.330478026144
6.095 0.330343796823
6.100 0.330209734792
6.105 0.330075839709
6.110 0.329942111232
6.115 0.329808549021
6.120 0.329675152735
6.125 0.329541922036
6.130 0.329408856586
6.135 0.329275956049
6.140 0.329143220088
6.145 0.329010648368
6.150 0.328878240556
6.155 0.328745996319
6.160 0.328613915324
6.165 0.328481997241
6.170 0.328350241738
6.175 0.328218648488
6.180 0.328087217162
6.185 0.327955947432
6.190 0.327824838972
6.195 0.327693891457
6.200 0.327563104562
6.205 0.327432477963
6.210 0.327302011338
6.215 0.327171704364
6.220 0.327041556721
6.225 0.326911568089
6.230 0.326781738149
6.235 0.326652066582
6.240 0.326522553071
6.245 0.326393197301
6.250 0.326263998954
6.255 0.326134957717
6.260 0.326006073276
6.265 0.325877345318
6.270 0.32574877353
6.275 0.325620357603
6.280 0.325492097225
6.285 0.325363992087
6.290 0.32523604188
6.295 0.325108246298
6.300 0.324980605033
6.305 0.324853117778
6.310 0.32472578423
6.315 0.324598604084
6.320 0.324471577036
6.325 0.324344702783
6.330 0.324217981025
6.335 0.32409141146
6.340 0.323964993787
6.345 0.323838727709
6.350 0.323712612926
6.355 0.323586649141
6.360 0.323460836057
6.365 0.323335173378
6.370 0.323209660809
6.375 0.323084298055
6.380 0.322959084824
6.385 0.322834020822
6.390 0.322709105758
6.395 0.32258433934
6.400 0.322459721279
6.405 0.322335251284
6.410 0.322210929067
6.415 0.32208675434
6.420 0.321962726816
6.425 0.321838846208
6.430 0.321715112232
6.435 0.321591524602
6.440 0.321468083034
6.445 0.321344787245
6.450 0.321221636952
6.455 0.321098631874
6.460 0.320975771731
6.465 0.320853056241
6.470 0.320730485125
6.475 0.320608058105
6.480 0.320485774903
6.485 0.320363635241
6.490 0.320241638844
6.495 0.320119785435
6.500 0.31999807474
6.505 0.319876506484
6.510 0.319755080395
6.515 0.319633796199
6.520 0.319512653625
6.525 0.319391652401
6.530 0.319270792256
6.535 0.319150072922
6.540 0.319029494129
6.545 0.318909055608
6.550 0.318788757092
6.555 0.318668598315
6.560 0.31854857901
6.565 0.318428698911
6.570 0.318308957754
6.575 0.318189355275
6.580 0.318069891211
6.585 0.317950565298
6.590 0.317831377275
6.595 0.317712326881
6.600 0.317593413855
6.605 0.317474637937
6.610 0.317355998869
6.615 0.317237496391
6.620 0.317119130246
6.625 0.317000900177
6.630 0.316882805927
6.635 0.31676484724
6.640 0.316647023863
6.645 0.316529335539
6.650 0.316411782016
6.655 0.31629436304
6.660 0.31617707836
6.665 0.316059927722
6.670 0.315942910877
6.675 0.315826027574
6.680 0.315709277563
6.685 0.315592660594
6.690 0.315476176421
6.695 0.315359824794
6.700 0.315243605467
6.705 0.315127518193
6.710 0.315011562726
6.715 0.314895738822
6.720 0.314780046235
6.725 0.314664484721
6.730 0.314549054039
6.735 0.314433753944
6.740 0.314318584194
6.745 0.314203544549
6.750 0.314088634768
6.755 0.31397385461
6.760 0.313859203836
6.765 0.313744682207
6.770 0.313630289485
6.775 0.313516025432
6.780 0.313401889812
6.785 0.313287882387
6.790 0.313174002921
6.795 0.313060251181
6.800 0.31294662693
6.805 0.312833129936
6.810 0.312719759965
6.815 0.312606516783
6.820 0.312493400159
6.825 0.312380409861
6.830 0.312267545659
6.835 0.312154807321
6.840 0.312042194618
6.845 0.311929707321
6.850 0.311817345201
6.855 0.311705108029
6.860 0.31159299558
6.865 0.311481007625
6.870 0.311369143939
6.875 0.311257404295
6.880 0.311145788469
6.885 0.311034296235
6.890 0.310922927371
6.895 0.310811681652
6.900 0.310700558856
6.905 0.31058955876
6.910 0.310478681143
6.915 0.310367925783
6.920 0.31025729246
6.925 0.310146780953
6.930 0.310036391044
6.935 0.309926122513
6.940 0.309815975143
6.945 0.309705948714
6.950 0.30959604301
6.955 0.309486257814
6.960 0.30937659291
6.965 0.309267048082
6.970 0.309157623116
6.975 0.309048317796
6.980 0.308939131908
6.985 0.30883006524
6.990 0.308721117578
6.995 0.308612288709
7.000 0.308503578423
7.005 0.308394986506
7.010 0.30828651275
7.015 0.308178156943
7.020 0.308069918875
7.025 0.307961798338
7.030 0.307853795122
7.035 0.30774590902
7.040 0.307638139823
7.045 0.307530487326
7.050 0.30742295132
7.055 0.307315531599
7.060 0.307208227959
7.065 0.307101040195
7.070 0.3069939681
7.075 0.306887011472
7.080 0.306780170107
7.085 0.306673443801
7.090 0.306566832352
7.095 0.306460335559
7.100 0.306353953218
7.105 0.306247685131
7.110 0.306141531095
7.115 0.30603549091
7.120 0.305929564378
7.125 0.305823751298
7.130 0.305718051473
7.135 0.305612464704
7.140 0.305506990794
7.145 0.305401629545
7.150 0.305296380761
7.155 0.305191244245
7.160 0.305086219802
7.165 0.304981307237
7.170 0.304876506354
7.175 0.30477181696
7.180 0.304667238861
7.185 0.304562771863
7.190 0.304458415774
7.195 0.304354170401
7.200 0.304250035552
7.205 0.304146011036
7.210 0.304042096661
7.215 0.303938292238
7.220 0.303834597576
7.225 0.303731012486
7.230 0.303627536778
7.235 0.303524170264
7.240 0.303420912756
7.245 0.303317764065
7.250 0.303214724005
7.255 0.303111792389
7.260 0.303008969029
7.265 0.302906253741
7.270 0.302803646339
7.275 0.302701146638
7.280 0.302598754452
7.285 0.302496469599
7.290 0.302394291893
7.295 0.302292221153
7.300 0.302190257195
7.305 0.302088399836
7.310 0.301986648895
7.315 0.30188500419
7.320 0.30178346554
7.325 0.301682032765
7.330 0.301580705683
7.335 0.301479484117
7.340 0.301378367885
7.345 0.301277356809
7.350 0.30117645071
7.355 0.301075649411
7.360 0.300974952734
7.365 0.300874360502
7.370 0.300773872537
7.375 0.300673488663
7.380 0.300573208705
7.385 0.300473032487
7.390 0.300372959833
7.395 0.300272990569
7.400 0.300173124521
7.405 0.300073361514
7.410 0.299973701376
7.415 0.299874143933
7.420 0.299774689012
7.425 0.299675336441
7.430 0.299576086049
7.435 0.299476937664
7.440 0.299377891114
7.445 0.29927894623
7.450 0.29918010284
7.455 0.299081360776
7.460 0.298982719867
7.465 0.298884179946
7.470 0.298785740842
7.475 0.298687402387
7.480 0.298589164415
7.485 0.298491026757
7.490 0.298392989246
7.495 0.298295051717
7.500 0.298197214001
7.505 0.298099475934
7.510 0.29800183735
7.515 0.297904298084
7.520 0.29780685797
7.525 0.297709516846
7.530 0.297612274546
7.535 0.297515130908
7.540 0.297418085767
7.545 0.297321138962
7.550 0.297224290329
7.555 0.297127539707
7.560 0.297030886934
7.565 0.296934331848
7.570 0.296837874289
7.575 0.296741514096
7.580 0.296645251109
7.585 0.296549085168
7.590 0.296453016114
7.595 0.296357043786
7.600 0.296261168028
7.605 0.29616538868
7.610 0.296069705584
7.615 0.295974118583
7.620 0.295878627519
7.625 0.295783232236
7.630 0.295687932576
7.635 0.295592728385
7.640 0.295497619505
7.645 0.295402605782
7.650 0.29530768706
7.655 0.295212863185
7.660 0.295118134001
7.665 0.295023499356
7.670 0.294928959096
7.675 0.294834513066
7.680 0.294740161114
7.685 0.294645903088
7.690 0.294551738835
7.695 0.294457668203
7.700 0.29436369104
7.705 0.294269807196
7.710 0.294176016519
7.715 0.294082318859
7.720 0.293988714065
7.725 0.293895201988
7.730 0.293801782477
7.735 0.293708455385
7.740 0.293615220562
7.745 0.293522077859
7.750 0.293429027128
7.755 0.293336068221
7.760 0.293243200992
7.765 0.293150425291
7.770 0.293057740974
7.775 0.292965147893
7.780 0.292872645902
7.785 0.292780234854
7.790 0.292687914606
7.795 0.29259568501
7.800 0.292503545923
7.805 0.2924114972
7.810 0.292319538697
7.815 0.292227670269
7.820 0.292135891773
7.825 0.292044203066
7.830 0.291952604005
7.835 0.291861094447
7.840 0.29176967425
7.845 0.291678343271
7.850 0.29158710137
7.855 0.291495948405
7.860 0.291404884235
7.865 0.291313908718
7.870 0.291223021715
7.875 0.291132223086
7.880 0.29104151269
7.885 0.290950890389
7.890 0.290860356042
7.895 0.290769909512
7.900 0.290679550659
7.905 0.290589279346
7.910 0.290499095434
7.915 0.290408998786
7.920 0.290318989264
7.925 0.290229066732
7.930 0.290139231052
7.935 0.290049482089
7.940 0.289959819706
7.945 0.289870243767
7.950 0.289780754136
7.955 0.28969135068
7.960 0.289602033262
7.965 0.289512801748
7.970 0.289423656003
7.975 0.289334595894
7.980 0.289245621287
7.985 0.289156732048
7.990 0.289067928045
7.995 0.288979209144
8.000 0.288890575213
8.005 0.28879638562
8.010 0.288702284518
8.015 0.288608271771
8.020 0.288514347242
8.025 0.288420510793
8.030 0.288326762291
8.035 0.288233101597
8.040 0.288139528578
8.045 0.288046043097
8.050 0.28795264502
8.055 0.287859334212
8.060 0.287766110539
8.065 0.287672973866
8.070 0.287579924061
8.075 0.287486960989
8.080 0.287394084518
8.085 0.287301294514
8.090 0.287208590845
8.095 0.287115973378
8.100 0.287023441982
8.105 0.286930996525
8.110 0.286838636875
8.115 0.286746362902
8.120 0.286654174473
8.125 0.286562071459
8.130 0.28647005373
8.135 0.286378121155
8.140 0.286286273604
8.145 0.286194510948
8.150 0.286102833058
8.155 0.286011239805
8.160 0.28591973106
8.165 0.285828306695
8.170 0.285736966582
8.175 0.285645710592
8.180 0.285554538599
8.185 0.285463450475
8.190 0.285372446093
8.195 0.285281525326
8.200 0.285190688047
8.205 0.285099934132
8.210 0.285009263453
8.215 0.284918675885
8.220 0.284828171302
8.225 0.28473774958
8.230 0.284647410594
8.235 0.284557154218
8.240 0.284466980329
8.245 0.284376888803
8.250 0.284286879515
8.255 0.284196952343
8.260 0.284107107162
8.265 0.28401734385
8.270 0.283927662285
8.275 0.283838062343
8.280 0.283748543902
8.285 0.28365910684
8.290 0.283569751037
8.295 0.283480476369
8.300 0.283391282716
8.305 0.283302169958
8.310 0.283213137972
8.315 0.283124186639
8.320 0.283035315839
8.325 0.282946525452
8.330 0.282857815357
8.335 0.282769185436
8.340 0.282680635569
8.345 0.282592165638
8.350 0.282503775523
8.355 0.282415465106
8.360 0.282327234269
8.365 0.282239082895
8.370 0.282151010864
8.375 0.282063018061
8.380 0.281975104367
8.385 0.281887269666
8.390 0.281799513841
8.395 0.281711836775
8.400 0.281624238353
8.405 0.281536718458
8.410 0.281449276974
8.415 0.281361913786
8.420 0.281274628779
8.425 0.281187421838
8.430 0.281100292847
8.435 0.281013241693
8.440 0.28092626826
8.445 0.280839372436
8.450 0.280752554105
8.455 0.280665813155
8.460 0.280579149472
8.465 0.280492562942
8.470 0.280406053454
8.475 0.280319620894
8.480 0.280233265149
8.485 0.280146986109
8.490 0.280060783659
8.495 0.27997465769
8.500 0.279888608089
8.505 0.279802634745
8.510 0.279716737547
8.515 0.279630916385
8.520 0.279545171146
8.525 0.279459501722
8.530 0.279373908002
8.535 0.279288389876
8.540 0.279202947234
8.545 0.279117579967
8.550 0.279032287966
8.555 0.278947071121
8.560 0.278861929324
8.565 0.278776862466
8.570 0.278691870439
8.575 0.278606953135
8.580 0.278522110445
8.585 0.278437342263
8.590 0.278352648479
8.595 0.278268028989
8.600 0.278183483683
8.605 0.278099012456
8.610 0.2780146152
8.615 0.27793029181
8.620 0.277846042179
8.625 0.277761866201
8.630 0.277677763771
8.635 0.277593734782
8.640 0.277509779131
8.645 0.27742589671
8.650 0.277342087416
8.655 0.277258351144
8.660 0.27717468779
8.665 0.277091097249
8.670 0.277007579416
8.675 0.276924134189
8.680 0.276840761464
8.685 0.276757461137
8.690 0.276674233104
8.695 0.276591077264
8.700 0.276507993513
8.705 0.276424981748
8.710 0.276342041868
8.715 0.276259173769
8.720 0.276176377351
8.725 0.27609365251
8.730 0.276010999147
8.735 0.275928417158
8.740 0.275845906444
8.745 0.275763466903
8.750 0.275681098434
8.755 0.275598800937
8.760 0.275516574311
8.765 0.275434418457
8.770 0.275352333274
8.775 0.275270318662
8.780 0.275188374523
8.785 0.275106500756
8.790 0.275024697262
8.795 0.274942963943
8.800 0.2748613007
8.805 0.274779707434
8.810 0.274698184047
8.815 0.27461673044
8.820 0.274535346516
8.825 0.274454032176
8.830 0.274372787324
8.835 0.274291611862
8.840 0.274210505692
8.845 0.274129468717
8.850 0.274048500842
8.855 0.273967601968
8.860 0.273886772
8.865 0.273806010841
8.870 0.273725318396
8.875 0.273644694568
8.880 0.273564139261
8.885 0.273483652381
8.890 0.273403233831
8.895 0.273322883518
8.900 0.273242601345
8.905 0.273162387218
8.910 0.273082241042
8.915 0.273002162724
8.920 0.272922152168
8.925 0.272842209281
8.930 0.27276233397
8.935 0.272682526139
8.940 0.272602785697
8.945 0.272523112549
8.950 0.272443506603
8.955 0.272363967765
8.960 0.272284495943
8.965 0.272205091045
8.970 0.272125752977
8.975 0.272046481648
8.980 0.271967276966
8.985 0.271888138839
8.990 0.271809067175
8.995 0.271730061882
