11.000 0.615880336429
11.005 0.615744790914
11.010 0.615609341888
11.015 0.615473989243
11.020 0.615338732872
11.025 0.615203572666
11.030 0.615068508518
11.035 0.61493354032
11.040 0.614798667965
11.045 0.614663891346
11.050 0.614529210356
11.055 0.614394624888
11.060 0.614260134835
11.065 0.614125740091
11.070 0.61399144055
11.075 0.613857236104
11.080 0.61372312665
11.085 0.613589112079
11.090 0.613455192288
11.095 0.61332136717
11.100 0.61318763662
11.105 0.613054000534
11.110 0.612920458805
11.115 0.61278701133
11.120 0.612653658003
11.125 0.61252039872
11.130 0.612387233377
11.135 0.612254161869
11.140 0.612121184093
11.145 0.611988299945
11.150 0.611855509321
11.155 0.611722812117
11.160 0.611590208231
11.165 0.611457697559
11.170 0.611325279997
11.175 0.611192955445
11.180 0.611060723797
11.185 0.610928584953
11.190 0.610796538809
11.195 0.610664585263
11.200 0.610532724214
11.205 0.61040095556
11.210 0.610269279198
11.215 0.610137695027
11.220 0.610006202946
11.225 0.609874802853
11.230 0.609743494648
11.235 0.609612278229
11.240 0.609481153496
11.245 0.609350120347
11.250 0.609219178684
11.255 0.609088328404
11.260 0.608957569409
11.265 0.608826901597
11.270 0.60869632487
11.275 0.608565839128
11.280 0.60843544427
11.285 0.608305140198
11.290 0.608174926812
11.295 0.608044804014
11.300 0.607914771704
11.305 0.607784829784
11.310 0.607654978154
11.315 0.607525216717
11.320 0.607395545375
11.325 0.607265964028
11.330 0.60713647258
11.335 0.607007070931
11.340 0.606877758986
11.345 0.606748536645
11.350 0.606619403811
11.355 0.606490360388
11.360 0.606361406279
11.365 0.606232541385
11.370 0.606103765611
11.375 0.60597507886
11.380 0.605846481035
11.385 0.605717972039
11.390 0.605589551778
11.395 0.605461220154
11.400 0.605332977072
11.405 0.605204822436
11.410 0.605076756151
11.415 0.60494877812
11.420 0.604820888249
11.425 0.604693086442
11.430 0.604565372605
11.435 0.604437746642
11.440 0.604310208458
11.445 0.60418275796
11.450 0.604055395053
11.455 0.603928119642
11.460 0.603800931633
11.465 0.603673830933
11.470 0.603546817446
11.475 0.603419891081
11.480 0.603293051742
11.485 0.603166299337
11.490 0.603039633772
11.495 0.602913054954
11.500 0.602786562791
11.505 0.602660157188
11.510 0.602533838054
11.515 0.602407605296
11.520 0.602281458821
11.525 0.602155398538
11.530 0.602029424353
11.535 0.601903536175
11.540 0.601777733912
11.545 0.601652017473
11.550 0.601526386765
11.555 0.601400841697
11.560 0.601275382178
11.565 0.601150008116
11.570 0.601024719421
11.575 0.600899516002
11.580 0.600774397768
11.585 0.600649364627
11.590 0.600524416491
11.595 0.600399553268
11.600 0.600274774868
11.605 0.6001500812
11.610 0.600025472176
11.615 0.599900947705
11.620 0.599776507698
11.625 0.599652152064
11.630 0.599527880715
11.635 0.599403693561
11.640 0.599279590513
11.645 0.599155571482
11.650 0.59903163638
11.655 0.598907785116
11.660 0.598784017604
11.665 0.598660333754
11.670 0.598536733477
11.675 0.598413216687
11.680 0.598289783294
11.685 0.59816643321
11.690 0.598043166349
11.695 0.597919982622
11.700 0.597796881941
11.705 0.597673864219
11.710 0.597550929369
11.715 0.597428077304
11.720 0.597305307937
11.725 0.59718262118
11.730 0.597060016947
11.735 0.596937495152
11.740 0.596815055707
11.745 0.596692698527
11.750 0.596570423524
11.755 0.596448230614
11.760 0.59632611971
11.765 0.596204090726
11.770 0.596082143576
11.775 0.595960278175
11.780 0.595838494437
11.785 0.595716792277
11.790 0.59559517161
11.795 0.59547363235
11.800 0.595352174413
11.805 0.595230797713
11.810 0.595109502166
11.815 0.594988287688
11.820 0.594867154193
11.825 0.594746101598
11.830 0.594625129818
11.835 0.59450423877
11.840 0.594383428368
11.845 0.59426269853
11.850 0.594142049171
11.855 0.594021480208
11.860 0.593900991558
11.865 0.593780583137
11.870 0.593660254861
11.875 0.593540006649
11.880 0.593419838416
11.885 0.59329975008
11.890 0.593179741558
11.895 0.593059812767
11.900 0.592939963625
11.905 0.59282019405
11.910 0.592700503959
11.915 0.592580893271
11.920 0.592461361902
11.925 0.592341909772
11.930 0.592222536798
11.935 0.592103242899
11.940 0.591984027993
11.945 0.591864891999
11.950 0.591745834835
11.955 0.591626856421
11.960 0.591507956675
11.965 0.591389135516
11.970 0.591270392864
11.975 0.591151728637
11.980 0.591033142756
11.985 0.590914635139
11.990 0.590796205707
11.995 0.590677854378
12.000 0.590559581074
12.005 0.590441385713
12.010 0.590323268217
12.015 0.590205228505
12.020 0.590087266498
12.025 0.589969382115
12.030 0.589851575279
12.035 0.589733845908
12.040 0.589616193925
12.045 0.58949861925
12.050 0.589381121804
12.055 0.589263701508
12.060 0.589146358284
12.065 0.589029092053
12.070 0.588911902736
12.075 0.588794790255
12.080 0.588677754532
12.085 0.588560795489
12.090 0.588443913047
12.095 0.588327107128
12.100 0.588210377655
12.105 0.588093724551
12.110 0.587977147737
12.115 0.587860647136
12.120 0.58774422267
12.125 0.587627874263
12.130 0.587511601837
12.135 0.587395405315
12.140 0.58727928462
12.145 0.587163239675
12.150 0.587047270405
12.155 0.586931376731
12.160 0.586815558578
12.165 0.586699815869
12.170 0.586584148528
12.175 0.586468556479
12.180 0.586353039645
12.185 0.586237597952
12.190 0.586122231322
12.195 0.586006939681
12.200 0.585891722952
12.205 0.58577658106
12.210 0.58566151393
12.215 0.585546521487
12.220 0.585431603655
12.225 0.585316760359
12.230 0.585201991524
12.235 0.585087297076
12.240 0.584972676939
12.245 0.58485813104
12.250 0.584743659302
12.255 0.584629261653
12.260 0.584514938018
12.265 0.584400688322
12.270 0.584286512491
12.275 0.584172410452
12.280 0.584058382131
12.285 0.583944427453
12.290 0.583830546345
12.295 0.583716738733
12.300 0.583603004545
12.305 0.583489343706
12.310 0.583375756143
12.315 0.583262241784
12.320 0.583148800555
12.325 0.583035432382
12.330 0.582922137194
12.335 0.582808914918
12.340 0.582695765481
12.345 0.582582688809
12.350 0.582469684832
12.355 0.582356753477
12.360 0.58224389467
12.365 0.582131108341
12.370 0.582018394417
12.375 0.581905752827
12.380 0.581793183498
12.385 0.581680686358
12.390 0.581568261337
12.395 0.581455908362
12.400 0.581343627362
12.405 0.581231418266
12.410 0.581119281003
12.415 0.581007215501
12.420 0.58089522169
12.425 0.580783299498
12.430 0.580671448855
12.435 0.58055966969
12.440 0.580447961933
12.445 0.580336325512
12.450 0.580224760358
12.455 0.5801132664
12.460 0.580001843568
12.465 0.579890491792
12.470 0.579779211001
12.475 0.579668001127
12.480 0.579556862098
12.485 0.579445793846
12.490 0.5793347963
12.495 0.579223869392
12.500 0.579113013051
12.505 0.579002227209
12.510 0.578891511796
12.515 0.578780866742
12.520 0.57867029198
12.525 0.57855978744
12.530 0.578449353053
12.535 0.57833898875
12.540 0.578228694463
12.545 0.578118470123
12.550 0.578008315662
12.555 0.577898231011
12.560 0.577788216102
12.565 0.577678270867
12.570 0.577568395237
12.575 0.577458589146
12.580 0.577348852524
12.585 0.577239185304
12.590 0.577129587419
12.595 0.577020058801
12.600 0.576910599381
12.605 0.576801209094
12.610 0.576691887871
12.615 0.576582635645
12.620 0.576473452349
12.625 0.576364337916
12.630 0.576255292279
12.635 0.576146315372
12.640 0.576037407127
12.645 0.575928567477
12.650 0.575819796357
12.655 0.575711093699
12.660 0.575602459438
12.665 0.575493893506
12.670 0.575385395838
12.675 0.575276966368
12.680 0.575168605029
12.685 0.575060311756
12.690 0.574952086483
12.695 0.574843929143
12.700 0.574735839672
12.705 0.574627818003
12.710 0.574519864072
12.715 0.574411977813
12.720 0.57430415916
12.725 0.574196408048
12.730 0.574088724412
12.735 0.573981108188
12.740 0.573873559309
12.745 0.573766077712
12.750 0.573658663331
12.755 0.573551316103
12.760 0.573444035961
12.765 0.573336822842
12.770 0.573229676681
12.775 0.573122597414
12.780 0.573015584977
12.785 0.572908639306
12.790 0.572801760336
12.795 0.572694948003
12.800 0.572588202245
12.805 0.572481522995
12.810 0.572374910192
12.815 0.572268363772
12.820 0.57216188367
12.825 0.572055469824
12.830 0.57194912217
12.835 0.571842840645
12.840 0.571736625185
12.845 0.571630475728
12.850 0.57152439221
12.855 0.571418374569
12.860 0.571312422741
12.865 0.571206536664
12.870 0.571100716276
12.875 0.570994961513
12.880 0.570889272314
12.885 0.570783648615
12.890 0.570678090354
12.895 0.570572597469
12.900 0.570467169899
12.905 0.57036180758
12.910 0.570256510451
12.915 0.57015127845
12.920 0.570046111515
12.925 0.569941009585
12.930 0.569835972597
12.935 0.56973100049
12.940 0.569626093203
12.945 0.569521250674
12.950 0.569416472842
12.955 0.569311759645
12.960 0.569207111023
12.965 0.569102526914
12.970 0.568998007257
12.975 0.568893551992
12.980 0.568789161057
12.985 0.568684834393
12.990 0.568580571937
12.995 0.56847637363
13.000 0.568372239411
13.005 0.568277104821
13.010 0.568182031189
13.015 0.568087018459
13.020 0.567992066572
13.025 0.567897175472
13.030 0.567802345101
13.035 0.567707575403
13.040 0.567612866321
13.045 0.567518217797
13.050 0.567423629774
13.055 0.567329102197
13.060 0.567234635007
13.065 0.56714022815
13.070 0.567045881567
13.075 0.566951595203
13.080 0.566857369001
13.085 0.566763202906
13.090 0.566669096859
13.095 0.566575050807
13.100 0.566481064692
13.105 0.566387138458
13.110 0.56629327205
13.115 0.566199465412
13.120 0.566105718487
13.125 0.566012031221
13.130 0.565918403557
13.135 0.565824835441
13.140 0.565731326816
13.145 0.565637877627
13.150 0.565544487819
13.155 0.565451157336
13.160 0.565357886124
13.165 0.565264674127
13.170 0.56517152129
13.175 0.565078427558
13.180 0.564985392877
13.185 0.564892417191
13.190 0.564799500446
13.195 0.564706642588
13.200 0.56461384356
13.205 0.56452110331
13.210 0.564428421783
13.215 0.564335798923
13.220 0.564243234678
13.225 0.564150728992
13.230 0.564058281811
13.235 0.563965893082
13.240 0.56387356275
13.245 0.563781290762
13.250 0.563689077063
13.255 0.5635969216
13.260 0.563504824319
13.265 0.563412785166
13.270 0.563320804088
13.275 0.563228881031
13.280 0.563137015942
13.285 0.563045208768
13.290 0.562953459455
13.295 0.562861767949
13.300 0.562770134198
13.305 0.562678558149
13.310 0.562587039748
13.315 0.562495578943
13.320 0.562404175681
13.325 0.562312829908
13.330 0.562221541573
13.335 0.562130310622
13.340 0.562039137004
13.345 0.561948020664
13.350 0.561856961552
13.355 0.561765959614
13.360 0.561675014798
13.365 0.561584127052
13.370 0.561493296324
13.375 0.561402522561
13.380 0.561311805712
13.385 0.561221145725
13.390 0.561130542547
13.395 0.561039996127
13.400 0.560949506413
13.405 0.560859073353
13.410 0.560768696896
13.415 0.56067837699
13.420 0.560588113583
13.425 0.560497906625
13.430 0.560407756063
13.435 0.560317661847
13.440 0.560227623925
13.445 0.560137642246
13.450 0.560047716759
13.455 0.559957847413
13.460 0.559868034157
13.465 0.55977827694
13.470 0.559688575711
13.475 0.55959893042
13.480 0.559509341015
13.485 0.559419807446
13.490 0.559330329663
13.495 0.559240907614
13.500 0.55915154125
13.505 0.559062230521
13.510 0.558972975375
13.515 0.558883775763
13.520 0.558794631634
13.525 0.558705542938
13.530 0.558616509626
13.535 0.558527531647
13.540 0.558438608951
13.545 0.558349741489
13.550 0.558260929211
13.555 0.558172172066
13.560 0.558083470006
13.565 0.557994822981
13.570 0.557906230941
13.575 0.557817693836
13.580 0.557729211618
13.585 0.557640784237
13.590 0.557552411644
13.595 0.557464093789
13.600 0.557375830623
13.605 0.557287622098
13.610 0.557199468164
13.615 0.557111368773
13.620 0.557023323874
13.625 0.556935333421
13.630 0.556847397363
13.635 0.556759515652
13.640 0.55667168824
13.645 0.556583915077
13.650 0.556496196116
13.655 0.556408531308
13.660 0.556320920604
13.665 0.556233363957
13.670 0.556145861317
13.675 0.556058412638
13.680 0.55597101787
13.685 0.555883676965
13.690 0.555796389876
13.695 0.555709156554
13.700 0.555621976952
13.705 0.555534851022
13.710 0.555447778716
13.715 0.555360759986
13.720 0.555273794785
13.725 0.555186883065
13.730 0.555100024778
13.735 0.555013219878
13.740 0.554926468316
13.745 0.554839770046
13.750 0.55475312502
13.755 0.55466653319
13.760 0.554579994511
13.765 0.554493508934
13.770 0.554407076412
13.775 0.554320696899
13.780 0.554234370347
13.785 0.554148096711
13.790 0.554061875942
13.795 0.553975707995
13.800 0.553889592822
13.805 0.553803530377
13.810 0.553717520613
13.815 0.553631563485
13.820 0.553545658944
13.825 0.553459806946
13.830 0.553374007443
13.835 0.55328826039
13.840 0.55320256574
13.845 0.553116923447
13.850 0.553031333465
13.855 0.552945795749
13.860 0.552860310251
13.865 0.552774876926
13.870 0.552689495728
13.875 0.552604166612
13.880 0.552518889531
13.885 0.552433664441
13.890 0.552348491294
13.895 0.552263370047
13.900 0.552178300653
13.905 0.552093283067
13.910 0.552008317243
13.915 0.551923403136
13.920 0.551838540701
13.925 0.551753729893
13.930 0.551668970666
13.935 0.551584262975
13.940 0.551499606776
13.945 0.551415002023
13.950 0.551330448671
13.955 0.551245946676
13.960 0.551161495993
13.965 0.551077096576
13.970 0.550992748382
13.975 0.550908451365
13.980 0.550824205481
13.985 0.550740010685
13.990 0.550655866934
13.995 0.550571774182
14.000 0.550487732384
14.005 0.550403741498
14.010 0.550319801478
14.015 0.550235912281
14.020 0.550152073862
14.025 0.550068286176
14.030 0.549984549181
14.035 0.549900862832
14.040 0.549817227085
14.045 0.549733641896
14.050 0.549650107222
14.055 0.549566623018
14.060 0.549483189241
14.065 0.549399805848
14.070 0.549316472794
14.075 0.549233190036
14.080 0.549149957531
14.085 0.549066775235
14.090 0.548983643106
14.095 0.548900561098
14.100 0.54881752917
14.105 0.548734547278
14.110 0.548651615379
14.115 0.548568733429
14.120 0.548485901387
14.125 0.548403119207
14.130 0.548320386849
14.135 0.548237704269
14.140 0.548155071423
14.145 0.54807248827
14.150 0.547989954766
14.155 0.547907470869
14.160 0.547825036536
14.165 0.547742651725
14.170 0.547660316393
14.175 0.547578030497
14.180 0.547495793996
14.185 0.547413606846
14.190 0.547331469006
14.195 0.547249380433
14.200 0.547167341085
14.205 0.54708535092
14.210 0.547003409896
14.215 0.546921517971
14.220 0.546839675102
14.225 0.546757881248
14.230 0.546676136367
14.235 0.546594440417
14.240 0.546512793356
14.245 0.546431195143
14.250 0.546349645735
14.255 0.546268145092
14.260 0.546186693171
14.265 0.546105289932
14.270 0.546023935332
14.275 0.54594262933
14.280 0.545861371885
14.285 0.545780162955
14.290 0.5456990025
14.295 0.545617890477
14.300 0.545536826846
14.305 0.545455811566
14.310 0.545374844596
14.315 0.545293925894
14.320 0.545213055419
14.325 0.545132233131
14.330 0.545051458989
14.335 0.544970732952
14.340 0.54489005498
14.345 0.54480942503
14.350 0.544728843064
14.355 0.544648309039
14.360 0.544567822917
14.365 0.544487384655
14.370 0.544406994214
14.375 0.544326651553
14.380 0.544246356632
14.385 0.54416610941
14.390 0.544085909848
14.395 0.544005757904
14.400 0.54392565354
14.405 0.543845596714
14.410 0.543765587387
14.415 0.543685625518
14.420 0.543605711068
14.425 0.543525843996
14.430 0.543446024264
14.435 0.54336625183
14.440 0.543286526656
14.445 0.543206848701
14.450 0.543127217925
14.455 0.54304763429
14.460 0.542968097756
14.465 0.542888608282
14.470 0.54280916583
14.475 0.54272977036
14.480 0.542650421832
14.485 0.542571120208
14.490 0.542491865448
14.495 0.542412657513
14.500 0.542333496363
14.505 0.542254381959
14.510 0.542175314263
14.515 0.542096293235
14.520 0.542017318837
14.525 0.541938391028
14.530 0.541859509771
14.535 0.541780675026
14.540 0.541701886755
14.545 0.541623144918
14.550 0.541544449478
14.555 0.541465800395
14.560 0.541387197631
14.565 0.541308641147
14.570 0.541230130905
14.575 0.541151666866
14.580 0.541073248991
14.585 0.540994877243
14.590 0.540916551583
14.595 0.540838271972
14.600 0.540760038373
14.605 0.540681850747
14.610 0.540603709055
14.615 0.540525613261
14.620 0.540447563325
14.625 0.54036955921
14.630 0.540291600878
14.635 0.540213688291
14.640 0.54013582141
14.645 0.540058000198
14.650 0.539980224618
14.655 0.539902494631
14.660 0.5398248102
14.665 0.539747171287
14.670 0.539669577854
14.675 0.539592029864
14.680 0.53951452728
14.685 0.539437070063
14.690 0.539359658177
14.695 0.539282291583
14.700 0.539204970246
14.705 0.539127694127
14.710 0.539050463188
14.715 0.538973277394
14.720 0.538896136706
14.725 0.538819041088
14.730 0.538741990502
14.735 0.538664984912
14.740 0.53858802428
14.745 0.53851110857
14.750 0.538434237744
14.755 0.538357411765
14.760 0.538280630598
14.765 0.538203894205
14.770 0.538127202549
14.775 0.538050555594
14.780 0.537973953302
14.785 0.537897395638
14.790 0.537820882565
14.795 0.537744414047
14.800 0.537667990046
14.805 0.537591610527
14.810 0.537515275452
14.815 0.537438984787
14.820 0.537362738494
14.825 0.537286536537
14.830 0.53721037888
14.835 0.537134265486
14.840 0.537058196321
14.845 0.536982171347
14.850 0.536906190528
14.855 0.53683025383
14.860 0.536754361214
14.865 0.536678512647
14.870 0.536602708091
14.875 0.536526947511
14.880 0.536451230871
14.885 0.536375558136
14.890 0.53629992927
14.895 0.536224344237
14.900 0.536148803001
14.905 0.536073305527
14.910 0.53599785178
14.915 0.535922441723
14.920 0.535847075322
14.925 0.535771752541
14.930 0.535696473345
14.935 0.535621237698
14.940 0.535546045565
14.945 0.535470896911
14.950 0.535395791701
14.955 0.535320729899
14.960 0.535245711471
14.965 0.535170736381
14.970 0.535095804594
14.975 0.535020916076
14.980 0.534946070791
14.985 0.534871268705
14.990 0.534796509782
14.995 0.534721793988
15.000 0.534647121288
15.005 0.534570841714
15.010 0.53449460559
15.015 0.53441841288
15.020 0.534342263549
15.025 0.534266157562
15.030 0.534190094885
15.035 0.534114075483
15.040 0.53403809932
15.045 0.533962166362
15.050 0.533886276574
15.055 0.533810429922
15.060 0.533734626371
15.065 0.533658865885
15.070 0.533583148431
15.075 0.533507473974
15.080 0.53343184248
15.085 0.533356253913
15.090 0.53328070824
15.095 0.533205205427
15.100 0.533129745438
15.105 0.533054328239
15.110 0.532978953797
15.115 0.532903622077
15.120 0.532828333044
15.125 0.532753086665
15.130 0.532677882906
15.135 0.532602721732
15.140 0.53252760311
15.145 0.532452527005
15.150 0.532377493384
15.155 0.532302502212
15.160 0.532227553456
15.165 0.532152647082
15.170 0.532077783055
15.175 0.532002961344
15.180 0.531928181912
15.185 0.531853444728
15.190 0.531778749757
15.195 0.531704096966
15.200 0.531629486321
15.205 0.531554917788
15.210 0.531480391335
15.215 0.531405906927
15.220 0.531331464531
15.225 0.531257064115
15.230 0.531182705644
15.235 0.531108389085
15.240 0.531034114405
15.245 0.530959881571
15.250 0.53088569055
15.255 0.530811541309
15.260 0.530737433813
15.265 0.530663368032
15.270 0.53058934393
15.275 0.530515361476
15.280 0.530441420636
15.285 0.530367521378
15.290 0.530293663669
15.295 0.530219847475
15.300 0.530146072764
15.305 0.530072339504
15.310 0.529998647661
15.315 0.529924997203
15.320 0.529851388097
15.325 0.529777820311
15.330 0.529704293812
15.335 0.529630808568
15.340 0.529557364546
15.345 0.529483961713
15.350 0.529410600037
15.355 0.529337279487
15.360 0.529264000028
15.365 0.52919076163
15.370 0.52911756426
15.375 0.529044407885
15.380 0.528971292474
15.385 0.528898217995
15.390 0.528825184414
15.395 0.528752191701
15.400 0.528679239822
15.405 0.528606328747
15.410 0.528533458443
15.415 0.528460628878
15.420 0.52838784002
15.425 0.528315091838
15.430 0.528242384299
15.435 0.528169717372
15.440 0.528097091025
15.445 0.528024505226
15.450 0.527951959944
15.455 0.527879455147
15.460 0.527806990803
15.465 0.527734566881
15.470 0.527662183349
15.475 0.527589840177
15.480 0.527517537331
15.485 0.527445274781
15.490 0.527373052496
15.495 0.527300870444
15.500 0.527228728594
15.505 0.527156626914
15.510 0.527084565374
15.515 0.527012543941
15.520 0.526940562586
15.525 0.526868621276
15.530 0.526796719981
15.535 0.526724858669
15.540 0.52665303731
15.545 0.526581255873
15.550 0.526509514326
15.555 0.526437812638
15.560 0.52636615078
15.565 0.526294528719
15.570 0.526222946425
15.575 0.526151403868
15.580 0.526079901016
15.585 0.526008437839
15.590 0.525937014306
15.595 0.525865630386
15.600 0.525794286049
15.605 0.525722981265
15.610 0.525651716002
15.615 0.52558049023
15.620 0.525509303919
15.625 0.525438157038
15.630 0.525367049557
15.635 0.525295981446
15.640 0.525224952674
15.645 0.52515396321
15.650 0.525083013025
15.655 0.525012102089
15.660 0.52494123037
15.665 0.52487039784
15.670 0.524799604467
15.675 0.524728850222
15.680 0.524658135075
15.685 0.524587458995
15.690 0.524516821953
15.695 0.524446223918
15.700 0.524375664861
15.705 0.524305144752
15.710 0.524234663561
15.715 0.524164221258
15.720 0.524093817814
15.725 0.524023453198
15.730 0.52395312738
15.735 0.523882840332
15.740 0.523812592024
15.745 0.523742382425
15.750 0.523672211506
15.755 0.523602079238
15.760 0.523531985591
15.765 0.523461930536
15.770 0.523391914043
15.775 0.523321936083
15.780 0.523251996626
15.785 0.523182095643
15.790 0.523112233104
15.795 0.523042408981
15.800 0.522972623244
15.805 0.522902875864
15.810 0.522833166812
15.815 0.522763496058
15.820 0.522693863573
15.825 0.522624269328
15.830 0.522554713295
15.835 0.522485195444
15.840 0.522415715746
15.845 0.522346274172
15.850 0.522276870693
15.855 0.52220750528
15.860 0.522138177905
15.865 0.522068888538
15.870 0.521999637151
15.875 0.521930423716
15.880 0.521861248202
15.885 0.521792110582
15.890 0.521723010826
15.895 0.521653948907
15.900 0.521584924795
15.905 0.521515938462
15.910 0.52144698988
15.915 0.521378079019
15.920 0.521309205852
15.925 0.52124037035
15.930 0.521171572484
15.935 0.521102812226
15.940 0.521034089548
15.945 0.520965404421
15.950 0.520896756817
15.955 0.520828146709
15.960 0.520759574066
15.965 0.520691038862
15.970 0.520622541068
15.975 0.520554080656
15.980 0.520485657598
15.985 0.520417271866
15.990 0.520348923432
15.995 0.520280612267
16.000 0.520212338344
16.005 0.520144101634
16.010 0.520075902111
16.015 0.520007739745
16.020 0.51993961451
16.025 0.519871526377
16.030 0.519803475318
16.035 0.519735461305
16.040 0.519667484312
16.045 0.51959954431
16.050 0.519531641271
16.055 0.519463775168
16.060 0.519395945974
16.065 0.51932815366
16.070 0.519260398198
16.075 0.519192679563
16.080 0.519124997725
16.085 0.519057352658
16.090 0.518989744334
16.095 0.518922172726
16.100 0.518854637806
16.105 0.518787139547
16.110 0.518719677922
16.115 0.518652252903
16.120 0.518584864463
16.125 0.518517512575
16.130 0.518450197211
16.135 0.518382918345
16.140 0.518315675949
16.145 0.518248469997
16.150 0.51818130046
16.155 0.518114167313
16.160 0.518047070527
16.165 0.517980010077
16.170 0.517912985935
16.175 0.517845998073
16.180 0.517779046467
16.185 0.517712131087
16.190 0.517645251908
16.195 0.517578408903
16.200 0.517511602044
16.205 0.517444831306
16.210 0.517378096661
16.215 0.517311398083
16.220 0.517244735545
16.225 0.51717810902
16.230 0.517111518482
16.235 0.517044963904
16.240 0.51697844526
16.245 0.516911962523
16.250 0.516845515666
16.255 0.516779104664
16.260 0.51671272949
16.265 0.516646390116
16.270 0.516580086518
16.275 0.516513818668
16.280 0.516447586541
16.285 0.516381390109
16.290 0.516315229347
16.295 0.516249104229
16.300 0.516183014727
16.305 0.516116960817
16.310 0.516050942472
16.315 0.515984959665
16.320 0.515919012371
16.325 0.515853100564
16.330 0.515787224217
16.335 0.515721383305
16.340 0.515655577801
16.345 0.51558980768
16.350 0.515524072915
16.355 0.515458373481
16.360 0.515392709353
16.365 0.515327080503
16.370 0.515261486906
16.375 0.515195928537
16.380 0.51513040537
16.385 0.515064917378
16.390 0.514999464537
16.395 0.514934046821
16.400 0.514868664203
16.405 0.514803316658
16.410 0.514738004162
16.415 0.514672726687
16.420 0.514607484209
16.425 0.514542276702
16.430 0.514477104141
16.435 0.5144119665
16.440 0.514346863754
16.445 0.514281795877
16.450 0.514216762844
16.455 0.514151764629
16.460 0.514086801208
16.465 0.514021872555
16.470 0.513956978644
16.475 0.513892119451
16.480 0.513827294951
16.485 0.513762505117
16.490 0.513697749925
16.495 0.513633029351
16.500 0.513568343367
16.505 0.513503691951
16.510 0.513439075076
16.515 0.513374492718
16.520 0.513309944851
16.525 0.513245431451
16.530 0.513180952492
16.535 0.51311650795
16.540 0.513052097801
16.545 0.512987722018
16.550 0.512923380577
16.555 0.512859073454
16.560 0.512794800623
16.565 0.51273056206
16.570 0.51266635774
16.575 0.512602187638
16.580 0.512538051731
16.585 0.512473949992
16.590 0.512409882398
16.595 0.512345848923
16.600 0.512281849544
16.605 0.512217884236
16.610 0.512153952973
16.615 0.512090055733
16.620 0.51202619249
16.625 0.511962363219
16.630 0.511898567898
16.635 0.5118348065
16.640 0.511771079001
16.645 0.511707385378
16.650 0.511643725606
16.655 0.511580099661
16.660 0.511516507518
16.665 0.511452949154
16.670 0.511389424544
16.675 0.511325933663
16.680 0.511262476488
16.685 0.511199052995
16.690 0.511135663159
16.695 0.511072306956
16.700 0.511008984363
16.705 0.510945695356
16.710 0.510882439909
16.715 0.510819218
16.720 0.510756029604
16.725 0.510692874698
16.730 0.510629753257
16.735 0.510566665258
16.740 0.510503610677
16.745 0.51044058949
16.750 0.510377601673
16.755 0.510314647202
16.760 0.510251726054
16.765 0.510188838206
16.770 0.510125983632
16.775 0.51006316231
16.780 0.510000374216
16.785 0.509937619326
16.790 0.509874897618
16.795 0.509812209066
16.800 0.509749553648
16.805 0.50968693134
16.810 0.509624342118
16.815 0.50956178596
16.820 0.509499262841
16.825 0.509436772739
16.830 0.509374315629
16.835 0.509311891489
16.840 0.509249500295
16.845 0.509187142024
16.850 0.509124816653
16.855 0.509062524157
16.860 0.509000264515
16.865 0.508938037702
16.870 0.508875843696
16.875 0.508813682473
16.880 0.508751554011
16.885 0.508689458285
16.890 0.508627395274
16.895 0.508565364953
16.900 0.508503367301
16.905 0.508441402293
16.910 0.508379469907
16.915 0.508317570119
16.920 0.508255702908
16.925 0.508193868249
16.930 0.508132066121
16.935 0.5080702965
16.940 0.508008559362
16.945 0.507946854687
16.950 0.50788518245
16.955 0.507823542628
16.960 0.5077619352
16.965 0.507700360142
16.970 0.507638817432
16.975 0.507577307046
16.980 0.507515828963
16.985 0.507454383159
16.990 0.507392969612
16.995 0.5073315883
17.000 0.507270239199
17.005 0.507207498071
17.010 0.507144789476
17.015 0.50708211339
17.020 0.50701946979
17.025 0.506956858654
17.030 0.50689427996
17.035 0.506831733683
17.040 0.506769219802
17.045 0.506706738295
17.050 0.506644289137
17.055 0.506581872308
17.060 0.506519487784
17.065 0.506457135542
17.070 0.506394815561
17.075 0.506332527817
17.080 0.506270272288
17.085 0.506208048952
17.090 0.506145857787
17.095 0.506083698769
17.100 0.506021571877
17.105 0.505959477088
17.110 0.505897414379
17.115 0.50583538373
17.120 0.505773385116
17.125 0.505711418516
17.130 0.505649483908
17.135 0.505587581269
17.140 0.505525710578
17.145 0.505463871811
17.150 0.505402064948
17.155 0.505340289965
17.160 0.505278546841
17.165 0.505216835553
17.170 0.50515515608
17.175 0.505093508399
17.180 0.505031892489
17.185 0.504970308327
17.190 0.504908755892
17.195 0.504847235161
17.200 0.504785746113
17.205 0.504724288725
17.210 0.504662862976
17.215 0.504601468844
17.220 0.504540106308
17.225 0.504478775344
17.230 0.504417475932
17.235 0.50435620805
17.240 0.504294971675
17.245 0.504233766787
17.250 0.504172593363
17.255 0.504111451382
17.260 0.504050340823
17.265 0.503989261663
17.270 0.50392821388
17.275 0.503867197455
17.280 0.503806212364
17.285 0.503745258586
17.290 0.5036843361
17.295 0.503623444884
17.300 0.503562584916
17.305 0.503501756176
17.310 0.503440958642
17.315 0.503380192292
17.320 0.503319457105
17.325 0.50325875306
17.330 0.503198080135
17.335 0.503137438309
17.340 0.503076827561
17.345 0.503016247869
17.350 0.502955699212
17.355 0.502895181569
17.360 0.502834694919
17.365 0.50277423924
17.370 0.502713814511
17.375 0.502653420712
17.380 0.50259305782
17.385 0.502532725815
17.390 0.502472424677
17.395 0.502412154382
17.400 0.502351914912
17.405 0.502291706244
17.410 0.502231528357
17.415 0.502171381232
17.420 0.502111264846
17.425 0.502051179179
17.430 0.501991124209
17.435 0.501931099917
17.440 0.50187110628
17.445 0.501811143279
17.450 0.501751210892
17.455 0.501691309099
17.460 0.501631437878
17.465 0.50157159721
17.470 0.501511787073
17.475 0.501452007446
17.480 0.501392258309
17.485 0.501332539641
17.490 0.501272851422
17.495 0.50121319363
17.500 0.501153566246
17.505 0.501093969248
17.510 0.501034402617
17.515 0.500974866331
17.520 0.500915360369
17.525 0.500855884712
17.530 0.500796439339
17.535 0.50073702423
17.540 0.500677639363
17.545 0.500618284719
17.550 0.500558960277
17.555 0.500499666017
17.560 0.500440401918
17.565 0.500381167961
17.570 0.500321964123
17.575 0.500262790387
17.580 0.50020364673
17.585 0.500144533133
17.590 0.500085449576
17.595 0.500026396038
17.600 0.499967372499
17.605 0.499908378939
17.610 0.499849415338
17.615 0.499790481675
17.620 0.499731577931
17.625 0.499672704086
17.630 0.499613860118
17.635 0.499555046009
17.640 0.499496261738
17.645 0.499437507286
17.650 0.499378782631
17.655 0.499320087754
17.660 0.499261422636
17.665 0.499202787256
17.670 0.499144181594
17.675 0.499085605631
17.680 0.499027059346
17.685 0.49896854272
17.690 0.498910055733
17.695 0.498851598365
17.700 0.498793170596
17.705 0.498734772406
17.710 0.498676403777
17.715 0.498618064687
17.720 0.498559755117
17.725 0.498501475047
17.730 0.498443224459
17.735 0.498385003331
17.740 0.498326811645
17.745 0.498268649381
17.750 0.498210516519
17.755 0.49815241304
17.760 0.498094338924
17.765 0.498036294151
17.770 0.497978278703
17.775 0.497920292558
17.780 0.497862335699
17.785 0.497804408106
17.790 0.497746509758
17.795 0.497688640637
17.800 0.497630800724
17.805 0.497572989998
17.810 0.497515208441
17.815 0.497457456033
17.820 0.497399732754
17.825 0.497342038586
17.830 0.49728437351
17.835 0.497226737505
17.840 0.497169130553
17.845 0.497111552634
17.850 0.497054003729
17.855 0.49699648382
17.860 0.496938992886
17.865 0.496881530909
17.870 0.496824097869
17.875 0.496766693748
17.880 0.496709318526
17.885 0.496651972184
17.890 0.496594654703
17.895 0.496537366064
17.900 0.496480106249
17.905 0.496422875237
17.910 0.496365673011
17.915 0.49630849955
17.920 0.496251354837
17.925 0.496194238852
17.930 0.496137151576
17.935 0.49608009299
17.940 0.496023063076
17.945 0.495966061815
17.950 0.495909089187
17.955 0.495852145175
17.960 0.495795229758
17.965 0.495738342919
17.970 0.495681484639
17.975 0.495624654898
17.980 0.495567853679
17.985 0.495511080962
17.990 0.495454336729
17.995 0.49539762096
18.000 0.495340933639
18.005 0.495284274745
18.010 0.49522764426
18.015 0.495171042165
18.020 0.495114468443
18.025 0.495057923074
18.030 0.49500140604
18.035 0.494944917323
18.040 0.494888456903
18.045 0.494832024762
18.050 0.494775620883
18.055 0.494719245245
18.060 0.494662897832
18.065 0.494606578625
18.070 0.494550287604
18.075 0.494494024752
18.080 0.494437790051
18.085 0.494381583482
18.090 0.494325405027
18.095 0.494269254667
18.100 0.494213132384
18.105 0.49415703816
18.110 0.494100971977
18.115 0.494044933816
18.120 0.493988923659
18.125 0.493932941489
18.130 0.493876987286
18.135 0.493821061033
18.140 0.493765162711
18.145 0.493709292303
18.150 0.49365344979
18.155 0.493597635154
18.160 0.493541848377
18.165 0.493486089441
18.170 0.493430358328
18.175 0.49337465502
18.180 0.493318979499
18.185 0.493263331747
18.190 0.493207711746
18.195 0.493152119478
18.200 0.493096554926
18.205 0.49304101807
18.210 0.492985508894
18.215 0.492930027379
18.220 0.492874573508
18.225 0.492819147262
18.230 0.492763748624
18.235 0.492708377577
18.240 0.492653034101
18.245 0.492597718181
18.250 0.492542429796
18.255 0.492487168931
18.260 0.492431935568
18.265 0.492376729687
18.270 0.492321551273
18.275 0.492266400307
18.280 0.492211276771
18.285 0.492156180648
18.290 0.492101111921
18.295 0.492046070571
18.300 0.491991056581
18.305 0.491936069934
18.310 0.491881110612
18.315 0.491826178598
18.320 0.491771273873
18.325 0.49171639642
18.330 0.491661546223
18.335 0.491606723263
18.340 0.491551927523
18.345 0.491497158986
18.350 0.491442417634
18.355 0.491387703449
18.360 0.491333016415
18.365 0.491278356514
18.370 0.491223723729
18.375 0.491169118042
18.380 0.491114539436
18.385 0.491059987894
18.390 0.491005463398
18.395 0.490950965931
18.400 0.490896495477
18.405 0.490842052017
18.410 0.490787635534
18.415 0.490733246012
18.420 0.490678883433
18.425 0.49062454778
18.430 0.490570239036
18.435 0.490515957183
18.440 0.490461702205
18.445 0.490407474084
18.450 0.490353272804
18.455 0.490299098347
18.460 0.490244950696
18.465 0.490190829835
18.470 0.490136735746
18.475 0.490082668412
18.480 0.490028627816
18.485 0.489974613941
18.490 0.489920626771
18.495 0.489866666288
18.500 0.489812732476
18.505 0.489758825317
18.510 0.489704944795
18.515 0.489651090892
18.520 0.489597263593
18.525 0.48954346288
18.530 0.489489688736
18.535 0.489435941144
18.540 0.489382220089
18.545 0.489328525552
18.550 0.489274857517
18.555 0.489221215968
18.560 0.489167600888
18.565 0.489114012259
18.570 0.489060450066
18.575 0.489006914292
18.580 0.488953404919
18.585 0.488899921932
18.590 0.488846465314
18.595 0.488793035047
18.600 0.488739631117
18.605 0.488686253505
18.610 0.488632902195
18.615 0.488579577172
18.620 0.488526278418
18.625 0.488473005916
18.630 0.488419759651
18.635 0.488366539606
18.640 0.488313345764
18.645 0.488260178108
18.650 0.488207036624
18.655 0.488153921293
18.660 0.4881008321
18.665 0.488047769028
18.670 0.487994732061
18.675 0.487941721183
18.680 0.487888736377
18.685 0.487835777626
18.690 0.487782844915
18.695 0.487729938228
18.700 0.487677057547
18.705 0.487624202857
18.710 0.487571374142
18.715 0.487518571384
18.720 0.487465794569
18.725 0.487413043679
18.730 0.4873603187
18.735 0.487307619613
18.740 0.487254946404
18.745 0.487202299056
18.750 0.487149677553
18.755 0.487097081879
18.760 0.487044512017
18.765 0.486991967953
18.770 0.486939449669
18.775 0.48688695715
18.780 0.486834490379
18.785 0.486782049341
18.790 0.486729634019
18.795 0.486677244398
18.800 0.486624880462
18.805 0.486572542195
18.810 0.48652022958
18.815 0.486467942601
18.820 0.486415681244
18.825 0.486363445492
18.830 0.486311235329
18.835 0.486259050739
18.840 0.486206891706
18.845 0.486154758216
18.850 0.48610265025
18.855 0.486050567795
18.860 0.485998510834
18.865 0.485946479351
18.870 0.485894473331
18.875 0.485842492758
18.880 0.485790537615
18.885 0.485738607889
18.890 0.485686703562
18.895 0.485634824619
18.900 0.485582971044
18.905 0.485531142822
18.910 0.485479339937
18.915 0.485427562374
18.920 0.485375810116
18.925 0.485324083149
18.930 0.485272381456
18.935 0.485220705022
18.940 0.485169053832
18.945 0.48511742787
18.950 0.48506582712
18.955 0.485014251567
18.960 0.484962701196
18.965 0.484911175991
18.970 0.484859675936
18.975 0.484808201016
18.980 0.484756751216
18.985 0.48470532652
18.990 0.484653926913
18.995 0.484602552379
19.000 0.484551202904
19.005 0.484499878471
19.010 0.484448579065
19.015 0.484397304671
19.020 0.484346055274
19.025 0.484294830859
19.030 0.484243631409
19.035 0.48419245691
19.040 0.484141307347
19.045 0.484090182704
19.050 0.484039082966
19.055 0.483988008118
19.060 0.483936958145
19.065 0.483885933031
19.070 0.483834932761
19.075 0.48378395732
19.080 0.483733006694
19.085 0.483682080866
19.090 0.483631179821
19.095 0.483580303546
19.100 0.483529452024
19.105 0.48347862524
19.110 0.48342782318
19.115 0.483377045828
19.120 0.483326293169
19.125 0.483275565189
19.130 0.483224861872
19.135 0.483174183203
19.140 0.483123529167
19.145 0.48307289975
19.150 0.483022294936
19.155 0.482971714711
19.160 0.482921159059
19.165 0.482870627966
19.170 0.482820121416
19.175 0.482769639395
19.180 0.482719181888
19.185 0.482668748881
19.190 0.482618340357
19.195 0.482567956304
19.200 0.482517596704
19.205 0.482467261545
19.210 0.48241695081
19.215 0.482366664486
19.220 0.482316402558
19.225 0.48226616501
19.230 0.482215951828
19.235 0.482165762998
19.240 0.482115598504
19.245 0.482065458333
19.250 0.482015342468
19.255 0.481965250897
19.260 0.481915183603
19.265 0.481865140572
19.270 0.481815121791
19.275 0.481765127243
19.280 0.481715156915
19.285 0.481665210792
19.290 0.48161528886
19.295 0.481565391103
19.300 0.481515517507
19.305 0.481465668059
19.310 0.481415842742
19.315 0.481366041544
19.320 0.481316264449
19.325 0.481266511442
19.330 0.48121678251
19.335 0.481167077638
19.340 0.481117396811
19.345 0.481067740016
19.350 0.481018107237
19.355 0.48096849846
19.360 0.480918913672
19.365 0.480869352857
19.370 0.480819816001
19.375 0.48077030309
19.380 0.480720814109
19.385 0.480671349045
19.390 0.480621907883
19.395 0.480572490608
19.400 0.480523097207
19.405 0.480473727665
19.410 0.480424381968
19.415 0.480375060101
19.420 0.480325762051
19.425 0.480276487804
19.430 0.480227237344
19.435 0.480178010658
19.440 0.480128807732
19.445 0.480079628551
19.450 0.480030473102
19.455 0.47998134137
19.460 0.479932233342
19.465 0.479883149002
19.470 0.479834088337
19.475 0.479785051334
19.480 0.479736037977
19.485 0.479687048253
19.490 0.479638082148
19.495 0.479589139647
19.500 0.479540220738
19.505 0.479491325405
19.510 0.479442453634
19.515 0.479393605413
19.520 0.479344780727
19.525 0.479295979561
19.530 0.479247201903
19.535 0.479198447737
19.540 0.479149717051
19.545 0.47910100983
19.550 0.47905232606
19.555 0.479003665728
19.560 0.478955028819
19.565 0.47890641532
19.570 0.478857825218
19.575 0.478809258497
19.580 0.478760715145
19.585 0.478712195147
19.590 0.47866369849
19.595 0.478615225161
19.600 0.478566775144
19.605 0.478518348427
19.610 0.478469944996
19.615 0.478421564837
19.620 0.478373207936
19.625 0.47832487428
19.630 0.478276563855
19.635 0.478228276648
19.640 0.478180012644
19.645 0.47813177183
19.650 0.478083554193
19.655 0.478035359719
19.660 0.477987188393
19.665 0.477939040204
19.670 0.477890915136
19.675 0.477842813177
19.680 0.477794734313
19.685 0.47774667853
19.690 0.477698645816
19.695 0.477650636155
19.700 0.477602649536
19.705 0.477554685943
19.710 0.477506745365
19.715 0.477458827787
19.720 0.477410933196
19.725 0.477363061579
19.730 0.477315212922
19.735 0.477267387211
19.740 0.477219584434
19.745 0.477171804576
19.750 0.477124047625
19.755 0.477076313567
19.760 0.477028602389
19.765 0.476980914078
19.770 0.476933248619
19.775 0.476885606
19.780 0.476837986208
19.785 0.476790389229
19.790 0.47674281505
19.795 0.476695263657
19.800 0.476647735038
19.805 0.476600229179
19.810 0.476552746067
19.815 0.476505285689
19.820 0.476457848031
19.825 0.47641043308
19.830 0.476363040823
19.835 0.476315671247
19.840 0.476268324339
19.845 0.476221000086
19.850 0.476173698473
19.855 0.47612641949
19.860 0.476079163121
19.865 0.476031929355
19.870 0.475984718177
19.875 0.475937529576
19.880 0.475890363537
19.885 0.475843220048
19.890 0.475796099096
19.895 0.475749000668
19.900 0.47570192475
19.905 0.47565487133
19.910 0.475607840394
19.915 0.475560831931
19.920 0.475513845926
19.925 0.475466882367
19.930 0.475419941241
19.935 0.475373022534
19.940 0.475326126235
19.945 0.47527925233
19.950 0.475232400805
19.955 0.475185571649
19.960 0.475138764849
19.965 0.475091980391
19.970 0.475045218262
19.975 0.474998478451
19.980 0.474951760943
19.985 0.474905065727
19.990 0.474858392789
19.995 0.474811742116
20.000 0.474765113696
20.005 0.474714070915
20.010 0.474663051274
20.015 0.474612054759
20.020 0.474561081356
20.025 0.474510131053
20.030 0.474459203835
20.035 0.47440829969
20.040 0.474357418605
20.045 0.474306560565
20.050 0.474255725558
20.055 0.47420491357
20.060 0.474154124589
20.065 0.4741033586
20.070 0.47405261559
20.075 0.474001895547
20.080 0.473951198457
20.085 0.473900524307
20.090 0.473849873083
20.095 0.473799244773
20.100 0.473748639363
20.105 0.47369805684
20.110 0.473647497191
20.115 0.473596960403
20.120 0.473546446462
20.125 0.473495955356
20.130 0.473445487071
20.135 0.473395041595
20.140 0.473344618913
20.145 0.473294219014
20.150 0.473243841884
20.155 0.473193487509
20.160 0.473143155878
20.165 0.473092846976
20.170 0.473042560791
20.175 0.472992297311
20.180 0.47294205652
20.185 0.472891838408
20.190 0.472841642961
20.195 0.472791470165
20.200 0.472741320009
20.205 0.472691192478
20.210 0.472641087561
20.215 0.472591005244
20.220 0.472540945513
20.225 0.472490908358
20.230 0.472440893764
20.235 0.472390901718
20.240 0.472340932208
20.245 0.472290985221
20.250 0.472241060744
20.255 0.472191158764
20.260 0.472141279269
20.265 0.472091422245
20.270 0.47204158768
20.275 0.471991775561
20.280 0.471941985876
20.285 0.471892218611
20.290 0.471842473753
20.295 0.471792751291
20.300 0.47174305121
20.305 0.4716933735
20.310 0.471643718146
20.315 0.471594085136
20.320 0.471544474458
20.325 0.471494886099
20.330 0.471445320046
20.335 0.471395776286
20.340 0.471346254807
20.345 0.471296755597
20.350 0.471247278642
20.355 0.47119782393
20.360 0.471148391449
20.365 0.471098981185
20.370 0.471049593127
20.375 0.471000227261
20.380 0.470950883576
20.385 0.470901562058
20.390 0.470852262695
20.395 0.470802985475
20.400 0.470753730385
20.405 0.470704497413
20.410 0.470655286546
20.415 0.470606097771
20.420 0.470556931077
20.425 0.47050778645
20.430 0.470458663879
20.435 0.470409563351
20.440 0.470360484853
20.445 0.470311428373
20.450 0.470262393899
20.455 0.470213381418
20.460 0.470164390918
20.465 0.470115422386
20.470 0.470066475811
20.475 0.47001755118
20.480 0.46996864848
20.485 0.469919767699
20.490 0.469870908826
20.495 0.469822071846
20.500 0.46977325675
20.505 0.469724463523
20.510 0.469675692154
20.515 0.469626942631
20.520 0.469578214941
20.525 0.469529509072
20.530 0.469480825011
20.535 0.469432162748
20.540 0.469383522269
20.545 0.469334903562
20.550 0.469286306615
20.555 0.469237731416
20.560 0.469189177953
20.565 0.469140646214
20.570 0.469092136186
20.575 0.469043647857
20.580 0.468995181215
20.585 0.468946736249
20.590 0.468898312946
20.595 0.468849911293
20.600 0.46880153128
20.605 0.468753172893
20.610 0.468704836121
20.615 0.468656520952
20.620 0.468608227373
20.625 0.468559955373
20.630 0.46851170494
20.635 0.468463476061
20.640 0.468415268725
20.645 0.46836708292
20.650 0.468318918634
20.655 0.468270775854
20.660 0.468222654569
20.665 0.468174554767
20.670 0.468126476436
20.675 0.468078419564
20.680 0.468030384139
20.685 0.46798237015
20.690 0.467934377584
20.695 0.467886406429
20.700 0.467838456674
20.705 0.467790528306
20.710 0.467742621315
20.715 0.467694735688
20.720 0.467646871413
20.725 0.467599028478
20.730 0.467551206872
20.735 0.467503406584
20.740 0.4674556276
20.745 0.467407869909
20.750 0.4673601335
20.755 0.467312418361
20.760 0.46726472448
20.765 0.467217051845
20.770 0.467169400445
20.775 0.467121770268
20.780 0.467074161302
20.785 0.467026573535
20.790 0.466979006957
20.795 0.466931461554
20.800 0.466883937317
20.805 0.466836434232
20.810 0.466788952288
20.815 0.466741491474
20.820 0.466694051777
20.825 0.466646633188
20.830 0.466599235692
20.835 0.466551859281
20.840 0.46650450394
20.845 0.46645716966
20.850 0.466409856428
20.855 0.466362564234
20.860 0.466315293064
20.865 0.466268042909
20.870 0.466220813756
20.875 0.466173605593
20.880 0.46612641841
20.885 0.466079252195
20.890 0.466032106937
20.895 0.465984982623
20.900 0.465937879242
20.905 0.465890796784
20.910 0.465843735236
20.915 0.465796694587
20.920 0.465749674827
20.925 0.465702675942
20.930 0.465655697922
20.935 0.465608740756
20.940 0.465561804432
20.945 0.465514888938
20.950 0.465467994265
20.955 0.465421120399
20.960 0.465374267329
20.965 0.465327435046
20.970 0.465280623536
20.975 0.465233832789
20.980 0.465187062794
20.985 0.465140313538
20.990 0.465093585012
20.995 0.465046877203
21.000 0.4650001901
21.005 0.46495689599
21.010 0.46491362184
21.015 0.464870367641
21.020 0.464827133381
21.025 0.46478391905
21.030 0.464740724637
21.035 0.464697550131
21.040 0.464654395522
21.045 0.464611260798
21.050 0.46456814595
21.055 0.464525050965
21.060 0.464481975835
21.065 0.464438920547
21.070 0.464395885092
21.075 0.464352869459
21.080 0.464309873636
21.085 0.464266897614
21.090 0.464223941382
21.095 0.464181004929
21.100 0.464138088245
21.105 0.464095191318
21.110 0.464052314139
21.115 0.464009456696
21.120 0.46396661898
21.125 0.463923800979
21.130 0.463881002684
21.135 0.463838224083
21.140 0.463795465165
21.145 0.463752725922
21.150 0.463710006341
21.155 0.463667306413
21.160 0.463624626126
21.165 0.463581965471
21.170 0.463539324437
21.175 0.463496703014
21.180 0.46345410119
21.185 0.463411518956
21.190 0.463368956301
21.195 0.463326413215
21.200 0.463283889686
21.205 0.463241385706
21.210 0.463198901263
21.215 0.463156436347
21.220 0.463113990948
21.225 0.463071565054
21.230 0.463029158657
21.235 0.462986771745
21.240 0.462944404308
21.245 0.462902056336
21.250 0.462859727818
21.255 0.462817418744
21.260 0.462775129105
21.265 0.462732858888
21.270 0.462690608085
21.275 0.462648376684
21.280 0.462606164676
21.285 0.46256397205
21.290 0.462521798796
21.295 0.462479644904
21.300 0.462437510364
21.305 0.462395395164
21.310 0.462353299296
21.315 0.462311222748
21.320 0.462269165511
21.325 0.462227127574
21.330 0.462185108927
21.335 0.462143109561
21.340 0.462101129464
21.345 0.462059168626
21.350 0.462017227038
21.355 0.46197530469
21.360 0.46193340157
21.365 0.461891517669
21.370 0.461849652978
21.375 0.461807807485
21.380 0.46176598118
21.385 0.461724174054
21.390 0.461682386096
21.395 0.461640617297
21.400 0.461598867646
21.405 0.461557137133
21.410 0.461515425748
21.415 0.461473733482
21.420 0.461432060323
21.425 0.461390406262
21.430 0.461348771289
21.435 0.461307155394
21.440 0.461265558567
21.445 0.461223980798
21.450 0.461182422077
21.455 0.461140882394
21.460 0.461099361738
21.465 0.461057860101
21.470 0.461016377472
21.475 0.46097491384
21.480 0.460933469197
21.485 0.460892043532
21.490 0.460850636835
21.495 0.460809249097
21.500 0.460767880307
21.505 0.460726530456
21.510 0.460685199533
21.515 0.460643887529
21.520 0.460602594434
21.525 0.460561320238
21.530 0.460520064931
21.535 0.460478828503
21.540 0.460437610945
21.545 0.460396412246
21.550 0.460355232398
21.555 0.460314071389
21.560 0.46027292921
21.565 0.460231805852
21.570 0.460190701305
21.575 0.460149615558
21.580 0.460108548602
21.585 0.460067500427
21.590 0.460026471024
21.595 0.459985460383
21.600 0.459944468494
21.605 0.459903495347
21.610 0.459862540932
21.615 0.459821605241
21.620 0.459780688262
21.625 0.459739789987
21.630 0.459698910406
21.635 0.459658049509
21.640 0.459617207286
21.645 0.459576383728
21.650 0.459535578824
21.655 0.459494792567
21.660 0.459454024944
21.665 0.459413275948
21.670 0.459372545569
21.675 0.459331833796
21.680 0.459291140621
21.685 0.459250466033
21.690 0.459209810024
21.695 0.459169172582
21.700 0.4591285537
21.705 0.459087953367
21.710 0.459047371574
21.715 0.459006808311
21.720 0.458966263568
21.725 0.458925737337
21.730 0.458885229607
21.735 0.458844740369
21.740 0.458804269614
21.745 0.458763817332
21.750 0.458723383513
21.755 0.458682968149
21.760 0.458642571229
21.765 0.458602192744
21.770 0.458561832685
21.775 0.458521491041
21.780 0.458481167805
21.785 0.458440862966
21.790 0.458400576515
21.795 0.458360308442
21.800 0.458320058738
21.805 0.458279827393
21.810 0.458239614399
21.815 0.458199419746
21.820 0.458159243424
21.825 0.458119085424
21.830 0.458078945737
21.835 0.458038824353
21.840 0.457998721263
21.845 0.457958636457
21.850 0.457918569927
21.855 0.457878521662
21.860 0.457838491655
21.865 0.457798479894
21.870 0.457758486371
21.875 0.457718511077
21.880 0.457678554003
21.885 0.457638615138
21.890 0.457598694475
21.895 0.457558792002
21.900 0.457518907713
21.905 0.457479041596
21.910 0.457439193642
21.915 0.457399363844
21.920 0.457359552191
21.925 0.457319758673
21.930 0.457279983283
21.935 0.45724022601
21.940 0.457200486846
21.945 0.457160765781
21.950 0.457121062806
21.955 0.457081377912
21.960 0.45704171109
21.965 0.45700206233
21.970 0.456962431624
21.975 0.456922818961
21.980 0.456883224335
21.985 0.456843647734
21.990 0.45680408915
21.995 0.456764548573
22.000 0.456725025996
22.005 0.456685521407
22.010 0.4566460348
22.015 0.456606566163
22.020 0.456567115489
22.025 0.456527682769
22.030 0.456488267992
22.035 0.456448871151
22.040 0.456409492235
22.045 0.456370131237
22.050 0.456330788146
22.055 0.456291462955
22.060 0.456252155653
22.065 0.456212866233
22.070 0.456173594684
22.075 0.456134340998
22.080 0.456095105167
22.085 0.45605588718
22.090 0.456016687029
22.095 0.455977504705
22.100 0.4559383402
22.105 0.455899193503
22.110 0.455860064607
22.115 0.455820953502
22.120 0.455781860179
22.125 0.455742784629
22.130 0.455703726845
22.135 0.455664686815
22.140 0.455625664533
22.145 0.455586659988
22.150 0.455547673172
22.155 0.455508704076
22.160 0.455469752691
22.165 0.455430819009
22.170 0.45539190302
22.175 0.455353004716
22.180 0.455314124087
22.185 0.455275261126
22.190 0.455236415822
22.195 0.455197588168
22.200 0.455158778154
22.205 0.455119985772
22.210 0.455081211013
22.215 0.455042453868
22.220 0.455003714328
22.225 0.454964992385
22.230 0.45492628803
22.235 0.454887601254
22.240 0.454848932048
22.245 0.454810280403
22.250 0.454771646311
22.255 0.454733029764
22.260 0.454694430751
22.265 0.454655849266
22.270 0.454617285298
22.275 0.45457873884
22.280 0.454540209882
22.285 0.454501698415
22.290 0.454463204432
22.295 0.454424727924
22.300 0.454386268881
22.305 0.454347827296
22.310 0.454309403159
22.315 0.454270996462
22.320 0.454232607196
22.325 0.454194235353
22.330 0.454155880924
22.335 0.4541175439
22.340 0.454079224273
22.345 0.454040922034
22.350 0.454002637174
22.355 0.453964369686
22.360 0.45392611956
22.365 0.453887886788
22.370 0.453849671361
22.375 0.453811473271
22.380 0.453773292509
22.385 0.453735129067
22.390 0.453696982936
22.395 0.453658854107
22.400 0.453620742572
22.405 0.453582648323
22.410 0.453544571351
22.415 0.453506511648
22.420 0.453468469204
22.425 0.453430444012
22.430 0.453392436063
22.435 0.453354445349
22.440 0.45331647186
22.445 0.45327851559
22.450 0.453240576528
22.455 0.453202654668
22.460 0.453164749999
22.465 0.453126862515
22.470 0.453088992206
22.475 0.453051139064
22.480 0.45301330308
22.485 0.452975484247
22.490 0.452937682556
22.495 0.452899897998
22.500 0.452862130565
22.505 0.452824380249
22.510 0.452786647041
22.515 0.452748930933
22.520 0.452711231917
22.525 0.452673549984
22.530 0.452635885126
22.535 0.452598237334
22.540 0.452560606601
22.545 0.452522992918
22.550 0.452485396276
22.555 0.452447816667
22.560 0.452410254084
22.565 0.452372708517
22.570 0.452335179958
22.575 0.4522976684
22.580 0.452260173834
22.585 0.452222696251
22.590 0.452185235644
22.595 0.452147792003
22.600 0.452110365322
22.605 0.452072955591
22.610 0.452035562802
22.615 0.451998186948
22.620 0.451960828019
22.625 0.451923486008
22.630 0.451886160907
22.635 0.451848852707
22.640 0.4518115614
22.645 0.451774286978
22.650 0.451737029432
22.655 0.451699788756
22.660 0.451662564939
22.665 0.451625357975
22.670 0.451588167855
22.675 0.451550994571
22.680 0.451513838115
22.685 0.451476698479
22.690 0.451439575654
22.695 0.451402469632
22.700 0.451365380406
22.705 0.451328307967
22.710 0.451291252307
22.715 0.451254213418
22.720 0.451217191292
22.725 0.451180185921
22.730 0.451143197297
22.735 0.451106225411
22.740 0.451069270256
22.745 0.451032331824
22.750 0.450995410106
22.755 0.450958505095
22.760 0.450921616782
22.765 0.45088474516
22.770 0.45084789022
22.775 0.450811051955
22.780 0.450774230356
22.785 0.450737425415
22.790 0.450700637125
22.795 0.450663865477
22.800 0.450627110464
22.805 0.450590372077
22.810 0.450553650309
22.815 0.450516945151
22.820 0.450480256596
22.825 0.450443584636
22.830 0.450406929262
22.835 0.450370290467
22.840 0.450333668243
22.845 0.450297062581
22.850 0.450260473475
22.855 0.450223900916
22.860 0.450187344896
22.865 0.450150805408
22.870 0.450114282442
22.875 0.450077775993
22.880 0.450041286051
22.885 0.450004812608
22.890 0.449968355658
22.895 0.449931915192
22.900 0.449895491202
22.905 0.44985908368
22.910 0.449822692619
22.915 0.44978631801
22.920 0.449749959846
22.925 0.44971361812
22.930 0.449677292822
22.935 0.449640983946
22.940 0.449604691484
22.945 0.449568415427
22.950 0.449532155769
22.955 0.4494959125
22.960 0.449459685614
22.965 0.449423475103
22.970 0.449387280959
22.975 0.449351103174
22.980 0.449314941741
22.985 0.449278796651
22.990 0.449242667897
22.995 0.449206555471
23.000 0.449170459366
23.005 0.449134379573
23.010 0.449098316086
23.015 0.449062268896
23.020 0.449026237996
23.025 0.448990223377
23.030 0.448954225033
23.035 0.448918242955
23.040 0.448882277137
23.045 0.448846327569
23.050 0.448810394246
23.055 0.448774477158
23.060 0.448738576298
23.065 0.448702691659
23.070 0.448666823233
23.075 0.448630971013
23.080 0.44859513499
23.085 0.448559315157
23.090 0.448523511507
23.095 0.448487724032
23.100 0.448451952724
23.105 0.448416197575
23.110 0.448380458579
23.115 0.448344735728
23.120 0.448309029013
23.125 0.448273338428
23.130 0.448237663964
23.135 0.448202005615
23.140 0.448166363372
23.145 0.448130737229
23.150 0.448095127177
23.155 0.448059533209
23.160 0.448023955318
23.165 0.447988393496
23.170 0.447952847736
23.175 0.447917318029
23.180 0.447881804369
23.185 0.447846306748
23.190 0.447810825159
23.195 0.447775359593
23.200 0.447739910044
23.205 0.447704476505
23.210 0.447669058966
23.215 0.447633657422
23.220 0.447598271865
23.225 0.447562902287
23.230 0.447527548681
23.235 0.447492211039
23.240 0.447456889354
23.245 0.447421583619
23.250 0.447386293825
23.255 0.447351019967
23.260 0.447315762035
23.265 0.447280520024
23.270 0.447245293925
23.275 0.447210083731
23.280 0.447174889435
23.285 0.447139711029
23.290 0.447104548506
23.295 0.447069401859
23.300 0.44703427108
23.305 0.446999156161
23.310 0.446964057097
23.315 0.446928973878
23.320 0.446893906499
23.325 0.44685885495
23.330 0.446823819227
23.335 0.44678879932
23.340 0.446753795222
23.345 0.446718806927
23.350 0.446683834427
23.355 0.446648877714
23.360 0.446613936782
23.365 0.446579011623
23.370 0.44654410223
23.375 0.446509208595
23.380 0.446474330711
23.385 0.446439468572
23.390 0.446404622169
23.395 0.446369791496
23.400 0.446334976545
23.405 0.446300177309
23.410 0.446265393781
23.415 0.446230625954
23.420 0.44619587382
23.425 0.446161137372
23.430 0.446126416603
23.435 0.446091711506
23.440 0.446057022073
23.445 0.446022348298
23.450 0.445987690173
23.455 0.445953047691
23.460 0.445918420844
23.465 0.445883809627
23.470 0.44584921403
23.475 0.445814634049
23.480 0.445780069674
23.485 0.445745520899
23.490 0.445710987718
23.495 0.445676470122
23.500 0.445641968104
23.505 0.445607481659
23.510 0.445573010777
23.515 0.445538555453
23.520 0.445504115679
23.525 0.445469691449
23.530 0.445435282754
23.535 0.445400889588
23.540 0.445366511944
23.545 0.445332149815
23.550 0.445297803193
23.555 0.445263472072
23.560 0.445229156445
23.565 0.445194856304
23.570 0.445160571643
23.575 0.445126302454
23.580 0.44509204873
23.585 0.445057810465
23.590 0.445023587651
23.595 0.444989380281
23.600 0.444955188349
23.605 0.444921011847
23.610 0.444886850768
23.615 0.444852705106
23.620 0.444818574853
23.625 0.444784460002
23.630 0.444750360546
23.635 0.444716276479
23.640 0.444682207793
23.645 0.444648154482
23.650 0.444614116538
23.655 0.444580093955
23.660 0.444546086725
23.665 0.444512094842
23.670 0.444478118298
23.675 0.444444157087
23.680 0.444410211203
23.685 0.444376280637
23.690 0.444342365383
23.695 0.444308465434
23.700 0.444274580783
23.705 0.444240711424
23.710 0.444206857349
23.715 0.444173018551
23.720 0.444139195024
23.725 0.444105386761
23.730 0.444071593755
23.735 0.444037815999
23.740 0.444004053486
23.745 0.443970306209
23.750 0.443936574161
23.755 0.443902857337
23.760 0.443869155728
23.765 0.443835469328
23.770 0.44380179813
23.775 0.443768142128
23.780 0.443734501314
23.785 0.443700875681
23.790 0.443667265224
23.795 0.443633669934
23.800 0.443600089806
23.805 0.443566524833
23.810 0.443532975007
23.815 0.443499440322
23.820 0.443465920771
23.825 0.443432416348
23.830 0.443398927045
23.835 0.443365452856
23.840 0.443331993774
23.845 0.443298549793
23.850 0.443265120905
23.855 0.443231707104
23.860 0.443198308383
23.865 0.443164924736
23.870 0.443131556155
23.875 0.443098202635
23.880 0.443064864168
23.885 0.443031540747
23.890 0.442998232366
23.895 0.442964939019
23.900 0.442931660698
23.905 0.442898397397
23.910 0.442865149109
23.915 0.442831915828
23.920 0.442798697546
23.925 0.442765494258
23.930 0.442732305956
23.935 0.442699132634
23.940 0.442665974285
23.945 0.442632830903
23.950 0.442599702481
23.955 0.442566589012
23.960 0.44253349049
23.965 0.442500406907
23.970 0.442467338259
23.975 0.442434284537
23.980 0.442401245736
23.985 0.442368221848
23.990 0.442335212867
23.995 0.442302218787
24.000 0.4422692396
24.005 0.442236275301
24.010 0.442203325883
24.015 0.442170391339
24.020 0.442137471663
24.025 0.442104566847
24.030 0.442071676886
24.035 0.442038801774
24.040 0.442005941502
24.045 0.441973096066
24.050 0.441940265457
24.055 0.441907449671
24.060 0.4418746487
24.065 0.441841862538
24.070 0.441809091178
24.075 0.441776334614
24.080 0.44174359284
24.085 0.441710865848
24.090 0.441678153632
24.095 0.441645456186
24.100 0.441612773504
24.105 0.441580105579
24.110 0.441547452404
24.115 0.441514813972
24.120 0.441482190279
24.125 0.441449581316
24.130 0.441416987078
24.135 0.441384407559
24.140 0.441351842751
24.145 0.441319292648
24.150 0.441286757244
24.155 0.441254236532
24.160 0.441221730507
24.165 0.441189239161
24.170 0.441156762489
24.175 0.441124300483
24.180 0.441091853137
24.185 0.441059420446
24.190 0.441027002402
24.195 0.440994599
24.200 0.440962210232
24.205 0.440929836093
24.210 0.440897476576
24.215 0.440865131675
24.220 0.440832801383
24.225 0.440800485694
24.230 0.440768184602
24.235 0.4407358981
24.240 0.440703626183
24.245 0.440671368843
24.250 0.440639126074
24.255 0.440606897871
24.260 0.440574684226
24.265 0.440542485134
24.270 0.440510300587
24.275 0.440478130581
24.280 0.440445975108
24.285 0.440413834162
24.290 0.440381707738
24.295 0.440349595828
24.300 0.440317498426
24.305 0.440285415527
24.310 0.440253347123
24.315 0.440221293209
24.320 0.440189253778
24.325 0.440157228824
24.330 0.440125218341
24.335 0.440093222323
24.340 0.440061240763
24.345 0.440029273655
24.350 0.439997320993
24.355 0.439965382771
24.360 0.439933458982
24.365 0.439901549621
24.370 0.43986965468
24.375 0.439837774154
24.380 0.439805908037
24.385 0.439774056322
24.390 0.439742219004
24.395 0.439710396075
24.400 0.439678587531
24.405 0.439646793364
24.410 0.439615013569
24.415 0.439583248139
24.420 0.439551497068
24.425 0.43951976035
24.430 0.43948803798
24.435 0.43945632995
24.440 0.439424636254
24.445 0.439392956887
24.450 0.439361291843
24.455 0.439329641114
24.460 0.439298004696
24.465 0.439266382582
24.470 0.439234774765
24.475 0.439203181241
24.480 0.439171602002
24.485 0.439140037043
24.490 0.439108486357
24.495 0.439076949938
24.500 0.439045427781
24.505 0.439013919879
24.510 0.438982426226
24.515 0.438950946817
24.520 0.438919481644
24.525 0.438888030702
24.530 0.438856593985
24.535 0.438825171487
24.540 0.438793763202
24.545 0.438762369124
24.550 0.438730989246
24.555 0.438699623563
24.560 0.438668272069
24.565 0.438636934758
24.570 0.438605611623
24.575 0.438574302659
24.580 0.438543007859
24.585 0.438511727218
24.590 0.43848046073
24.595 0.438449208388
24.600 0.438417970187
24.605 0.43838674612
24.610 0.438355536183
24.615 0.438324340368
24.620 0.438293158669
24.625 0.438261991082
24.630 0.438230837599
24.635 0.438199698215
24.640 0.438168572924
24.645 0.43813746172
24.650 0.438106364598
24.655 0.43807528155
24.660 0.438044212571
24.665 0.438013157656
24.670 0.437982116797
24.675 0.437951089991
24.680 0.437920077229
24.685 0.437889078508
24.690 0.43785809382
24.695 0.437827123159
24.700 0.437796166521
24.705 0.437765223898
24.710 0.437734295286
24.715 0.437703380678
24.720 0.437672480068
24.725 0.43764159345
24.730 0.43761072082
24.735 0.43757986217
24.740 0.437549017494
24.745 0.437518186788
24.750 0.437487370045
24.755 0.437456567259
24.760 0.437425778425
24.765 0.437395003536
24.770 0.437364242588
24.775 0.437333495573
24.780 0.437302762486
24.785 0.437272043322
24.790 0.437241338074
24.795 0.437210646737
24.800 0.437179969305
24.805 0.437149305772
24.810 0.437118656132
24.815 0.43708802038
24.820 0.43705739851
24.825 0.437026790515
24.830 0.436996196391
24.835 0.436965616131
24.840 0.43693504973
24.845 0.436904497181
24.850 0.43687395848
24.855 0.43684343362
24.860 0.436812922596
24.865 0.436782425402
24.870 0.436751942032
24.875 0.43672147248
24.880 0.436691016741
24.885 0.436660574809
24.890 0.436630146678
24.895 0.436599732342
24.900 0.436569331797
24.905 0.436538945035
24.910 0.436508572052
24.915 0.436478212842
24.920 0.436447867398
24.925 0.436417535716
24.930 0.436387217789
24.935 0.436356913612
24.940 0.43632662318
24.945 0.436296346486
24.950 0.436266083525
24.955 0.436235834291
24.960 0.436205598779
24.965 0.436175376982
24.970 0.436145168896
24.975 0.436114974515
24.980 0.436084793832
24.985 0.436054626843
24.990 0.436024473541
24.995 0.435994333922
25.000 0.435964207979
25.005 0.435919030292
25.010 0.435873869095
25.015 0.435828724379
25.020 0.435783596138
25.025 0.435738484364
25.030 0.43569338905
25.035 0.435648310189
25.040 0.435603247773
25.045 0.435558201796
25.050 0.43551317225
25.055 0.435468159128
25.060 0.435423162423
25.065 0.435378182127
25.070 0.435333218233
25.075 0.435288270735
25.080 0.435243339625
25.085 0.435198424895
25.090 0.435153526539
25.095 0.435108644549
25.100 0.435063778919
25.105 0.43501892964
25.110 0.434974096707
25.115 0.434929280111
25.120 0.434884479847
25.125 0.434839695905
25.130 0.43479492828
25.135 0.434750176964
25.140 0.434705441951
25.145 0.434660723232
25.150 0.434616020801
25.155 0.434571334651
25.160 0.434526664775
25.165 0.434482011166
25.170 0.434437373815
25.175 0.434392752718
25.180 0.434348147865
25.185 0.434303559251
25.190 0.434258986868
25.195 0.434214430709
25.200 0.434169890768
25.205 0.434125367036
25.210 0.434080859507
25.215 0.434036368174
25.220 0.43399189303
25.225 0.433947434068
25.230 0.433902991281
25.235 0.433858564661
25.240 0.433814154202
25.245 0.433769759897
25.250 0.433725381739
25.255 0.43368101972
25.260 0.433636673834
25.265 0.433592344074
25.270 0.433548030433
25.275 0.433503732903
25.280 0.433459451478
25.285 0.433415186151
25.290 0.433370936915
25.295 0.433326703763
25.300 0.433282486688
25.305 0.433238285682
25.310 0.43319410074
25.315 0.433149931854
25.320 0.433105779016
25.325 0.433061642222
25.330 0.433017521462
25.335 0.432973416731
25.340 0.432929328021
25.345 0.432885255325
25.350 0.432841198638
25.355 0.432797157951
25.360 0.432753133257
25.365 0.432709124551
25.370 0.432665131825
25.375 0.432621155072
25.380 0.432577194285
25.385 0.432533249458
25.390 0.432489320583
25.395 0.432445407654
25.400 0.432401510663
25.405 0.432357629605
25.410 0.432313764471
25.415 0.432269915256
25.420 0.432226081953
25.425 0.432182264553
25.430 0.432138463052
25.435 0.432094677442
25.440 0.432050907716
25.445 0.432007153867
25.450 0.431963415888
25.455 0.431919693773
25.460 0.431875987516
25.465 0.431832297108
25.470 0.431788622543
25.475 0.431744963815
25.480 0.431701320917
25.485 0.431657693842
25.490 0.431614082583
25.495 0.431570487133
25.500 0.431526907487
25.505 0.431483343636
25.510 0.431439795574
25.515 0.431396263295
25.520 0.431352746791
25.525 0.431309246056
25.530 0.431265761084
25.535 0.431222291867
25.540 0.431178838399
25.545 0.431135400672
25.550 0.431091978682
25.555 0.431048572419
25.560 0.431005181879
25.565 0.430961807054
25.570 0.430918447938
25.575 0.430875104523
25.580 0.430831776804
25.585 0.430788464773
25.590 0.430745168424
25.595 0.43070188775
25.600 0.430658622745
25.605 0.430615373402
25.610 0.430572139713
25.615 0.430528921674
25.620 0.430485719276
25.625 0.430442532513
25.630 0.430399361379
25.635 0.430356205867
25.640 0.430313065971
25.645 0.430269941683
25.650 0.430226832997
25.655 0.430183739907
25.660 0.430140662406
25.665 0.430097600487
25.670 0.430054554144
25.675 0.43001152337
25.680 0.429968508159
25.685 0.429925508503
25.690 0.429882524397
25.695 0.429839555834
25.700 0.429796602807
25.705 0.429753665309
25.710 0.429710743335
25.715 0.429667836878
25.720 0.42962494593
25.725 0.429582070486
25.730 0.429539210539
25.735 0.429496366082
25.740 0.429453537109
25.745 0.429410723614
25.750 0.429367925589
25.755 0.429325143029
25.760 0.429282375927
25.765 0.429239624275
25.770 0.429196888069
25.775 0.429154167301
25.780 0.429111461965
25.785 0.429068772054
25.790 0.429026097562
25.795 0.428983438482
25.800 0.428940794808
25.805 0.428898166534
25.810 0.428855553652
25.815 0.428812956157
25.820 0.428770374042
25.825 0.428727807301
25.830 0.428685255927
25.835 0.428642719914
25.840 0.428600199254
25.845 0.428557693943
25.850 0.428515203973
25.855 0.428472729338
25.860 0.428430270032
25.865 0.428387826048
25.870 0.428345397379
25.875 0.42830298402
25.880 0.428260585964
25.885 0.428218203205
25.890 0.428175835735
25.895 0.428133483549
25.900 0.428091146641
25.905 0.428048825004
25.910 0.428006518631
25.915 0.427964227517
25.920 0.427921951654
25.925 0.427879691038
25.930 0.42783744566
25.935 0.427795215515
25.940 0.427753000597
25.945 0.427710800899
25.950 0.427668616414
25.955 0.427626447137
25.960 0.427584293062
25.965 0.427542154181
25.970 0.427500030489
25.975 0.427457921979
25.980 0.427415828644
25.985 0.42737375048
25.990 0.427331687479
25.995 0.427289639634
26.000 0.427247606941
26.005 0.427205589392
26.010 0.427163586981
26.015 0.427121599702
26.020 0.427079627548
26.025 0.427037670514
26.030 0.426995728593
26.035 0.426953801779
26.040 0.426911890065
26.045 0.426869993446
26.050 0.426828111914
26.055 0.426786245465
26.060 0.426744394091
26.065 0.426702557786
26.070 0.426660736545
26.075 0.42661893036
26.080 0.426577139226
26.085 0.426535363137
26.090 0.426493602086
26.095 0.426451856067
26.100 0.426410125073
26.105 0.4263684091
26.110 0.42632670814
26.115 0.426285022187
26.120 0.426243351235
26.125 0.426201695278
26.130 0.42616005431
26.135 0.426118428324
26.140 0.426076817315
26.145 0.426035221276
26.150 0.425993640201
26.155 0.425952074084
26.160 0.425910522918
26.165 0.425868986699
26.170 0.425827465419
26.175 0.425785959072
26.180 0.425744467652
26.185 0.425702991154
26.190 0.42566152957
26.195 0.425620082895
26.200 0.425578651124
26.205 0.425537234248
26.210 0.425495832264
26.215 0.425454445163
26.220 0.425413072941
26.225 0.425371715591
26.230 0.425330373108
26.235 0.425289045484
26.240 0.425247732715
26.245 0.425206434793
26.250 0.425165151713
26.255 0.425123883469
26.260 0.425082630055
26.265 0.425041391464
26.270 0.425000167691
26.275 0.42495895873
26.280 0.424917764574
26.285 0.424876585217
26.290 0.424835420654
26.295 0.424794270878
26.300 0.424753135884
26.305 0.424712015665
26.310 0.424670910215
26.315 0.424629819529
26.320 0.4245887436
26.325 0.424547682422
26.330 0.42450663599
26.335 0.424465604297
26.340 0.424424587337
26.345 0.424383585105
26.350 0.424342597594
26.355 0.424301624798
26.360 0.424260666711
26.365 0.424219723329
26.370 0.424178794643
26.375 0.424137880649
26.380 0.42409698134
26.385 0.424056096712
26.390 0.424015226756
26.395 0.423974371469
26.400 0.423933530843
26.405 0.423892704872
26.410 0.423851893552
26.415 0.423811096876
26.420 0.423770314837
26.425 0.423729547431
26.430 0.423688794651
26.435 0.423648056491
26.440 0.423607332946
26.445 0.423566624009
26.450 0.423525929674
26.455 0.423485249936
26.460 0.423444584789
26.465 0.423403934227
26.470 0.423363298243
26.475 0.423322676833
26.480 0.42328206999
26.485 0.423241477708
26.490 0.423200899982
26.495 0.423160336806
26.500 0.423119788173
26.505 0.423079254078
26.510 0.423038734515
26.515 0.422998229479
26.520 0.422957738962
26.525 0.422917262961
26.530 0.422876801468
26.535 0.422836354477
26.540 0.422795921984
26.545 0.422755503982
26.550 0.422715100466
26.555 0.422674711429
26.560 0.422634336866
26.565 0.422593976771
26.570 0.422553631138
26.575 0.422513299961
26.580 0.422472983235
26.585 0.422432680954
26.590 0.422392393112
26.595 0.422352119703
26.600 0.422311860722
26.605 0.422271616162
26.610 0.422231386018
26.615 0.422191170284
26.620 0.422150968955
26.625 0.422110782024
26.630 0.422070609486
26.635 0.422030451336
26.640 0.421990307566
26.645 0.421950178173
26.650 0.421910063149
26.655 0.42186996249
26.660 0.421829876189
26.665 0.42178980424
26.670 0.421749746639
26.675 0.421709703379
26.680 0.421669674455
26.685 0.42162965986
26.690 0.42158965959
26.695 0.421549673638
26.700 0.421509701999
26.705 0.421469744667
26.710 0.421429801636
26.715 0.421389872901
26.720 0.421349958457
26.725 0.421310058296
26.730 0.421270172415
26.735 0.421230300806
26.740 0.421190443465
26.745 0.421150600385
26.750 0.421110771561
26.755 0.421070956988
26.760 0.42103115666
26.765 0.42099137057
26.770 0.420951598715
26.775 0.420911841087
26.780 0.420872097681
26.785 0.420832368492
26.790 0.420792653514
26.795 0.420752952741
26.800 0.420713266167
26.805 0.420673593788
26.810 0.420633935598
26.815 0.42059429159
26.820 0.42055466176
26.825 0.420515046101
26.830 0.420475444609
26.835 0.420435857277
26.840 0.4203962841
26.845 0.420356725072
26.850 0.420317180188
26.855 0.420277649442
26.860 0.420238132829
26.865 0.420198630343
26.870 0.420159141979
26.875 0.42011966773
26.880 0.420080207592
26.885 0.420040761559
26.890 0.420001329625
26.895 0.419961911785
26.900 0.419922508033
26.905 0.419883118364
26.910 0.419843742772
26.915 0.419804381251
26.920 0.419765033797
26.925 0.419725700403
26.930 0.419686381065
26.935 0.419647075776
26.940 0.419607784531
26.945 0.419568507325
26.950 0.419529244152
26.955 0.419489995006
26.960 0.419450759882
26.965 0.419411538776
26.970 0.41937233168
26.975 0.41933313859
26.980 0.4192939595
26.985 0.419254794405
26.990 0.419215643299
26.995 0.419176506176
27.000 0.419137383033
27.005 0.419098273861
27.010 0.419059178658
27.015 0.419020097416
27.020 0.418981030131
27.025 0.418941976797
27.030 0.418902937409
27.035 0.41886391196
27.040 0.418824900447
27.045 0.418785902863
27.050 0.418746919203
27.055 0.418707949461
27.060 0.418668993632
27.065 0.418630051711
27.070 0.418591123693
27.075 0.418552209571
27.080 0.418513309341
27.085 0.418474422997
27.090 0.418435550533
27.095 0.418396691945
27.100 0.418357847227
27.105 0.418319016373
27.110 0.418280199379
27.115 0.418241396238
27.120 0.418202606946
27.125 0.418163831496
27.130 0.418125069885
27.135 0.418086322106
27.140 0.418047588154
27.145 0.418008868023
27.150 0.417970161709
27.155 0.417931469205
27.160 0.417892790508
27.165 0.41785412561
27.170 0.417815474508
27.175 0.417776837195
27.180 0.417738213667
27.185 0.417699603917
27.190 0.417661007941
27.195 0.417622425734
27.200 0.417583857289
27.205 0.417545302602
27.210 0.417506761668
27.215 0.417468234481
27.220 0.417429721036
27.225 0.417391221327
27.230 0.417352735349
27.235 0.417314263098
27.240 0.417275804567
27.245 0.417237359752
27.250 0.417198928646
27.255 0.417160511246
27.260 0.417122107545
27.265 0.417083717539
27.270 0.417045341222
27.275 0.417006978589
27.280 0.416968629634
27.285 0.416930294352
27.290 0.416891972739
27.295 0.416853664789
27.300 0.416815370496
27.305 0.416777089856
27.310 0.416738822863
27.315 0.416700569512
27.320 0.416662329797
27.325 0.416624103714
27.330 0.416585891258
27.335 0.416547692422
27.340 0.416509507203
27.345 0.416471335594
27.350 0.416433177591
27.355 0.416395033188
27.360 0.41635690238
27.365 0.416318785162
27.370 0.416280681529
27.375 0.416242591475
27.380 0.416204514996
27.385 0.416166452086
27.390 0.41612840274
27.395 0.416090366953
27.400 0.416052344719
27.405 0.416014336034
27.410 0.415976340893
27.415 0.41593835929
27.420 0.41590039122
27.425 0.415862436678
27.430 0.415824495658
27.435 0.415786568157
27.440 0.415748654168
27.445 0.415710753686
27.450 0.415672866707
27.455 0.415634993225
27.460 0.415597133234
27.465 0.415559286731
27.470 0.41552145371
27.475 0.415483634165
27.480 0.415445828092
27.485 0.415408035486
27.490 0.415370256341
27.495 0.415332490652
27.500 0.415294738415
27.505 0.415256999623
27.510 0.415219274273
27.515 0.415181562359
27.520 0.415143863875
27.525 0.415106178818
27.530 0.415068507181
27.535 0.41503084896
27.540 0.414993204149
27.545 0.414955572745
27.550 0.41491795474
27.555 0.414880350131
27.560 0.414842758913
27.565 0.41480518108
27.570 0.414767616627
27.575 0.41473006555
27.580 0.414692527842
27.585 0.4146550035
27.590 0.414617492519
27.595 0.414579994892
27.600 0.414542510616
27.605 0.414505039684
27.610 0.414467582093
27.615 0.414430137837
27.620 0.414392706912
27.625 0.414355289311
27.630 0.41431788503
27.635 0.414280494065
27.640 0.414243116409
27.645 0.414205752059
27.650 0.414168401009
27.655 0.414131063254
27.660 0.41409373879
27.665 0.41405642761
27.670 0.414019129711
27.675 0.413981845087
27.680 0.413944573733
27.685 0.413907315645
27.690 0.413870070817
27.695 0.413832839245
27.700 0.413795620923
27.705 0.413758415847
27.710 0.413721224011
27.715 0.413684045411
27.720 0.413646880042
27.725 0.413609727898
27.730 0.413572588975
27.735 0.413535463269
27.740 0.413498350773
27.745 0.413461251483
27.750 0.413424165395
27.755 0.413387092503
27.760 0.413350032802
27.765 0.413312986288
27.770 0.413275952955
27.775 0.413238932799
27.780 0.413201925815
27.785 0.413164931997
27.790 0.413127951342
27.795 0.413090983843
27.800 0.413054029497
27.805 0.413017088298
27.810 0.412980160242
27.815 0.412943245323
27.820 0.412906343537
27.825 0.412869454878
27.830 0.412832579343
27.835 0.412795716926
27.840 0.412758867622
27.845 0.412722031427
27.850 0.412685208335
27.855 0.412648398342
27.860 0.412611601442
27.865 0.412574817632
27.870 0.412538046906
27.875 0.41250128926
27.880 0.412464544688
27.885 0.412427813185
27.890 0.412391094748
27.895 0.412354389371
27.900 0.412317697049
27.905 0.412281017777
27.910 0.412244351551
27.915 0.412207698366
27.920 0.412171058217
27.925 0.412134431099
27.930 0.412097817008
27.935 0.412061215939
27.940 0.412024627886
27.945 0.411988052845
27.950 0.411951490812
27.955 0.411914941781
27.960 0.411878405748
27.965 0.411841882708
27.970 0.411805372656
27.975 0.411768875588
27.980 0.411732391499
27.985 0.411695920383
27.990 0.411659462236
27.995 0.411623017054
28.000 0.411586584832
28.005 0.411550165565
28.010 0.411513759247
28.015 0.411477365876
28.020 0.411440985445
28.025 0.41140461795
28.030 0.411368263386
28.035 0.411331921749
28.040 0.411295593033
28.045 0.411259277235
28.050 0.411222974349
28.055 0.411186684371
28.060 0.411150407296
28.065 0.411114143119
28.070 0.411077891835
28.075 0.411041653441
28.080 0.41100542793
28.085 0.410969215299
28.090 0.410933015543
28.095 0.410896828657
28.100 0.410860654637
28.105 0.410824493477
28.110 0.410788345173
28.115 0.41075220972
28.120 0.410716087115
28.125 0.410679977351
28.130 0.410643880425
28.135 0.410607796331
28.140 0.410571725066
28.145 0.410535666624
28.150 0.410499621
28.155 0.410463588191
28.160 0.410427568191
28.165 0.410391560997
28.170 0.410355566602
28.175 0.410319585003
28.180 0.410283616195
28.185 0.410247660173
28.190 0.410211716932
28.195 0.410175786469
28.200 0.410139868779
28.205 0.410103963856
28.210 0.410068071696
28.215 0.410032192295
28.220 0.409996325648
28.225 0.40996047175
28.230 0.409924630597
28.235 0.409888802185
28.240 0.409852986508
28.245 0.409817183562
28.250 0.409781393342
28.255 0.409745615844
28.260 0.409709851064
28.265 0.409674098996
28.270 0.409638359637
28.275 0.40960263298
28.280 0.409566919023
28.285 0.409531217761
28.290 0.409495529188
28.295 0.4094598533
28.300 0.409424190094
28.305 0.409388539563
28.310 0.409352901704
28.315 0.409317276512
28.320 0.409281663983
28.325 0.409246064112
28.330 0.409210476894
28.335 0.409174902325
28.340 0.409139340401
28.345 0.409103791116
28.350 0.409068254467
28.355 0.409032730449
28.360 0.408997219057
28.365 0.408961720287
28.370 0.408926234135
28.375 0.408890760595
28.380 0.408855299663
28.385 0.408819851335
28.390 0.408784415607
28.395 0.408748992473
28.400 0.40871358193
28.405 0.408678183972
28.410 0.408642798596
28.415 0.408607425796
28.420 0.408572065569
28.425 0.40853671791
28.430 0.408501382815
28.435 0.408466060278
28.440 0.408430750296
28.445 0.408395452864
28.450 0.408360167977
28.455 0.408324895632
28.460 0.408289635823
28.465 0.408254388546
28.470 0.408219153798
28.475 0.408183931572
28.480 0.408148721865
28.485 0.408113524673
28.490 0.408078339991
28.495 0.408043167814
28.500 0.408008008139
28.505 0.40797286096
28.510 0.407937726274
28.515 0.407902604075
28.520 0.40786749436
28.525 0.407832397124
28.530 0.407797312362
28.535 0.407762240071
28.540 0.407727180245
28.545 0.407692132881
28.550 0.407657097974
28.555 0.407622075519
28.560 0.407587065513
28.565 0.40755206795
28.570 0.407517082827
28.575 0.407482110139
28.580 0.407447149882
28.585 0.407412202051
28.590 0.407377266642
28.595 0.40734234365
28.600 0.407307433072
28.605 0.407272534902
28.610 0.407237649137
28.615 0.407202775772
28.620 0.407167914803
28.625 0.407133066225
28.630 0.407098230034
28.635 0.407063406225
28.640 0.407028594796
28.645 0.40699379574
28.650 0.406959009053
28.655 0.406924234732
28.660 0.406889472772
28.665 0.406854723169
28.670 0.406819985918
28.675 0.406785261015
28.680 0.406750548456
28.685 0.406715848236
28.690 0.406681160351
28.695 0.406646484796
28.700 0.406611821569
28.705 0.406577170663
28.710 0.406542532075
28.715 0.406507905801
28.720 0.406473291836
28.725 0.406438690176
28.730 0.406404100816
28.735 0.406369523753
28.740 0.406334958982
28.745 0.406300406499
28.750 0.406265866299
28.755 0.406231338378
28.760 0.406196822733
28.765 0.406162319358
28.770 0.406127828249
28.775 0.406093349403
28.780 0.406058882814
28.785 0.406024428479
28.790 0.405989986394
28.795 0.405955556553
28.800 0.405921138954
28.805 0.405886733591
28.810 0.40585234046
28.815 0.405817959558
28.820 0.40578359088
28.825 0.405749234421
28.830 0.405714890177
28.835 0.405680558145
28.840 0.40564623832
28.845 0.405611930698
28.850 0.405577635274
28.855 0.405543352044
28.860 0.405509081005
28.865 0.405474822151
28.870 0.405440575479
28.875 0.405406340985
28.880 0.405372118664
28.885 0.405337908512
28.890 0.405303710525
28.895 0.405269524698
28.900 0.405235351028
28.905 0.40520118951
28.910 0.405167040141
28.915 0.405132902915
28.920 0.405098777829
28.925 0.405064664879
28.930 0.40503056406
28.935 0.404996475368
28.940 0.4049623988
28.945 0.40492833435
28.950 0.404894282015
28.955 0.404860241791
28.960 0.404826213673
28.965 0.404792197657
28.970 0.40475819374
28.975 0.404724201916
28.980 0.404690222182
28.985 0.404656254534
28.990 0.404622298968
28.995 0.404588355478
29.000 0.404554424063
29.005 0.404526972707
29.010 0.404499532543
29.015 0.404472103567
29.020 0.404444685776
29.025 0.404417279166
29.030 0.404389883734
29.035 0.404362499476
29.040 0.404335126388
29.045 0.404307764467
29.050 0.404280413709
29.055 0.40425307411
29.060 0.404225745668
29.065 0.404198428379
29.070 0.404171122238
29.075 0.404143827243
29.080 0.40411654339
29.085 0.404089270675
29.090 0.404062009095
29.095 0.404034758647
29.100 0.404007519326
29.105 0.403980291129
29.110 0.403953074052
29.115 0.403925868093
29.120 0.403898673248
29.125 0.403871489512
29.130 0.403844316883
29.135 0.403817155357
29.140 0.40379000493
29.145 0.4037628656
29.150 0.403735737362
29.155 0.403708620212
29.160 0.403681514148
29.165 0.403654419166
29.170 0.403627335263
29.175 0.403600262434
29.180 0.403573200677
29.185 0.403546149987
29.190 0.403519110362
29.195 0.403492081798
29.200 0.403465064291
29.205 0.403438057839
29.210 0.403411062436
29.215 0.403384078081
29.220 0.403357104769
29.225 0.403330142497
29.230 0.403303191261
29.235 0.403276251059
29.240 0.403249321886
29.245 0.403222403739
29.250 0.403195496615
29.255 0.40316860051
29.260 0.403141715421
29.265 0.403114841344
29.270 0.403087978276
29.275 0.403061126213
29.280 0.403034285152
29.285 0.40300745509
29.290 0.402980636022
29.295 0.402953827946
29.300 0.402927030858
29.305 0.402900244755
29.310 0.402873469634
29.315 0.40284670549
29.320 0.40281995232
29.325 0.402793210121
29.330 0.40276647889
29.335 0.402739758623
29.340 0.402713049317
29.345 0.402686350968
29.350 0.402659663573
29.355 0.402632987128
29.360 0.40260632163
29.365 0.402579667076
29.370 0.402553023463
29.375 0.402526390786
29.380 0.402499769042
29.385 0.402473158229
29.390 0.402446558342
29.395 0.402419969378
29.400 0.402393391335
29.405 0.402366824207
29.410 0.402340267993
29.415 0.402313722689
29.420 0.40228718829
29.425 0.402260664795
29.430 0.4022341522
29.435 0.4022076505
29.440 0.402181159694
29.445 0.402154679776
29.450 0.402128210745
29.455 0.402101752597
29.460 0.402075305328
29.465 0.402048868935
29.470 0.402022443415
29.475 0.401996028764
29.480 0.401969624979
29.485 0.401943232057
29.490 0.401916849994
29.495 0.401890478787
29.500 0.401864118432
29.505 0.401837768927
29.510 0.401811430267
29.515 0.40178510245
29.520 0.401758785473
29.525 0.401732479331
29.530 0.401706184022
29.535 0.401679899542
29.540 0.401653625889
29.545 0.401627363058
29.550 0.401601111046
29.555 0.40157486985
29.560 0.401548639467
29.565 0.401522419893
29.570 0.401496211125
29.575 0.40147001316
29.580 0.401443825995
29.585 0.401417649626
29.590 0.40139148405
29.595 0.401365329263
29.600 0.401339185262
29.605 0.401313052045
29.610 0.401286929607
29.615 0.401260817946
29.620 0.401234717058
29.625 0.40120862694
29.630 0.401182547588
29.635 0.401156479
29.640 0.401130421172
29.645 0.4011043741
29.650 0.401078337783
29.655 0.401052312215
29.660 0.401026297394
29.665 0.401000293318
29.670 0.400974299981
29.675 0.400948317382
29.680 0.400922345517
29.685 0.400896384382
29.690 0.400870433976
29.695 0.400844494293
29.700 0.400818565331
29.705 0.400792647087
29.710 0.400766739558
29.715 0.40074084274
29.720 0.400714956629
29.725 0.400689081224
29.730 0.40066321652
29.735 0.400637362515
29.740 0.400611519205
29.745 0.400585686587
29.750 0.400559864657
29.755 0.400534053413
29.760 0.400508252851
29.765 0.400482462968
29.770 0.400456683761
29.775 0.400430915227
29.780 0.400405157362
29.785 0.400379410163
29.790 0.400353673628
29.795 0.400327947752
29.800 0.400302232533
29.805 0.400276527967
29.810 0.400250834052
29.815 0.400225150784
29.820 0.400199478159
29.825 0.400173816175
29.830 0.400148164829
29.835 0.400122524117
29.840 0.400096894037
29.845 0.400071274584
29.850 0.400045665756
29.855 0.40002006755
29.860 0.399994479962
29.865 0.39996890299
29.870 0.399943336629
29.875 0.399917780878
29.880 0.399892235733
29.885 0.39986670119
29.890 0.399841177247
29.895 0.3998156639
29.900 0.399790161147
29.905 0.399764668983
29.910 0.399739187407
29.915 0.399713716414
29.920 0.399688256002
29.925 0.399662806168
29.930 0.399637366908
29.935 0.399611938219
29.940 0.399586520098
29.945 0.399561112543
29.950 0.399535715549
29.955 0.399510329114
29.960 0.399484953235
29.965 0.399459587908
29.970 0.399434233131
29.975 0.3994088889
29.980 0.399383555212
29.985 0.399358232064
29.990 0.399332919453
29.995 0.399307617376
