11.000 1.84228754726
11.005 1.84187443503
11.010 1.84146161531
11.015 1.84104908778
11.020 1.84063685212
11.025 1.84022490799
11.030 1.83981325508
11.035 1.83940189304
11.040 1.83899082157
11.045 1.83858004033
11.050 1.83816954901
11.055 1.83775934727
11.060 1.83734943479
11.065 1.83693981126
11.070 1.83653047635
11.075 1.83612142974
11.080 1.83571267111
11.085 1.83530420013
11.090 1.83489601649
11.095 1.83448811987
11.100 1.83408050995
11.105 1.83367318642
11.110 1.83326614894
11.115 1.83285939721
11.120 1.83245293091
11.125 1.83204674973
11.130 1.83164085334
11.135 1.83123524143
11.140 1.83082991369
11.145 1.83042486981
11.150 1.83002010946
11.155 1.82961563233
11.160 1.82921143812
11.165 1.82880752651
11.170 1.82840389719
11.175 1.82800054984
11.180 1.82759748416
11.185 1.82719469984
11.190 1.82679219656
11.195 1.82638997401
11.200 1.82598803189
11.205 1.82558636989
11.210 1.8251849877
11.215 1.82478388502
11.220 1.82438306153
11.225 1.82398251693
11.230 1.82358225091
11.235 1.82318226316
11.240 1.82278255339
11.245 1.82238312129
11.250 1.82198396655
11.255 1.82158508887
11.260 1.82118648795
11.265 1.82078816348
11.270 1.82039011516
11.275 1.81999234269
11.280 1.81959484577
11.285 1.81919762409
11.290 1.81880067736
11.295 1.81840400528
11.300 1.81800760754
11.305 1.81761148386
11.310 1.81721563392
11.315 1.81682005743
11.320 1.8164247541
11.325 1.81602972362
11.330 1.8156349657
11.335 1.81524048005
11.340 1.81484626636
11.345 1.81445232434
11.350 1.8140586537
11.355 1.81366525415
11.360 1.81327212538
11.365 1.81287926711
11.370 1.81248667903
11.375 1.81209436087
11.380 1.81170231233
11.385 1.81131053311
11.390 1.81091902292
11.395 1.81052778148
11.400 1.81013680849
11.405 1.80974610366
11.410 1.80935566671
11.415 1.80896549734
11.420 1.80857559526
11.425 1.80818596019
11.430 1.80779659184
11.435 1.80740748993
11.440 1.80701865416
11.445 1.80663008424
11.450 1.8062417799
11.455 1.80585374085
11.460 1.8054659668
11.465 1.80507845747
11.470 1.80469121257
11.475 1.80430423182
11.480 1.80391751493
11.485 1.80353106163
11.490 1.80314487163
11.495 1.80275894465
11.500 1.8023732804
11.505 1.80198787861
11.510 1.80160273899
11.515 1.80121786127
11.520 1.80083324516
11.525 1.80044889039
11.530 1.80006479667
11.535 1.79968096373
11.540 1.79929739129
11.545 1.79891407907
11.550 1.79853102679
11.555 1.79814823418
11.560 1.79776570096
11.565 1.79738342685
11.570 1.79700141158
11.575 1.79661965487
11.580 1.79623815645
11.585 1.79585691605
11.590 1.79547593338
11.595 1.79509520818
11.600 1.79471474017
11.605 1.79433452908
11.610 1.79395457463
11.615 1.79357487656
11.620 1.7931954346
11.625 1.79281624847
11.630 1.79243731789
11.635 1.79205864261
11.640 1.79168022235
11.645 1.79130205684
11.650 1.79092414582
11.655 1.790546489
11.660 1.79016908613
11.665 1.78979193694
11.670 1.78941504116
11.675 1.78903839852
11.680 1.78866200876
11.685 1.7882858716
11.690 1.78790998679
11.695 1.78753435406
11.700 1.78715897314
11.705 1.78678384377
11.710 1.78640896568
11.715 1.78603433861
11.720 1.7856599623
11.725 1.78528583647
11.730 1.78491196088
11.735 1.78453833526
11.740 1.78416495934
11.745 1.78379183287
11.750 1.78341895558
11.755 1.78304632721
11.760 1.7826739475
11.765 1.7823018162
11.770 1.78192993303
11.775 1.78155829775
11.780 1.78118691009
11.785 1.7808157698
11.790 1.78044487661
11.795 1.78007423027
11.800 1.77970383053
11.805 1.77933367712
11.810 1.77896376978
11.815 1.77859410827
11.820 1.77822469233
11.825 1.77785552169
11.830 1.77748659611
11.835 1.77711791534
11.840 1.77674947911
11.845 1.77638128717
11.850 1.77601333927
11.855 1.77564563515
11.860 1.77527817457
11.865 1.77491095727
11.870 1.774543983
11.875 1.7741772515
11.880 1.77381076253
11.885 1.77344451584
11.890 1.77307851116
11.895 1.77271274826
11.900 1.77234722689
11.905 1.77198194679
11.910 1.77161690771
11.915 1.77125210941
11.920 1.77088755164
11.925 1.77052323415
11.930 1.77015915669
11.935 1.76979531901
11.940 1.76943172087
11.945 1.76906836203
11.950 1.76870524222
11.955 1.76834236122
11.960 1.76797971877
11.965 1.76761731463
11.970 1.76725514855
11.975 1.7668932203
11.980 1.76653152961
11.985 1.76617007626
11.990 1.76580886
11.995 1.76544788058
12.000 1.76508713777
12.005 1.76472663131
12.010 1.76436636098
12.015 1.76400632651
12.020 1.76364652769
12.025 1.76328696426
12.030 1.76292763598
12.035 1.76256854262
12.040 1.76220968393
12.045 1.76185105968
12.050 1.76149266962
12.055 1.76113451352
12.060 1.76077659113
12.065 1.76041890223
12.070 1.76006144656
12.075 1.75970422391
12.080 1.75934723402
12.085 1.75899047666
12.090 1.75863395159
12.095 1.75827765859
12.100 1.75792159741
12.105 1.75756576781
12.110 1.75721016957
12.115 1.75685480244
12.120 1.7564996662
12.125 1.75614476061
12.130 1.75579008544
12.135 1.75543564044
12.140 1.7550814254
12.145 1.75472744007
12.150 1.75437368423
12.155 1.75402015764
12.160 1.75366686007
12.165 1.75331379129
12.170 1.75296095107
12.175 1.75260833918
12.180 1.75225595539
12.185 1.75190379946
12.190 1.75155187117
12.195 1.75120017029
12.200 1.75084869659
12.205 1.75049744984
12.210 1.75014642982
12.215 1.74979563628
12.220 1.74944506902
12.225 1.74909472779
12.230 1.74874461238
12.235 1.74839472256
12.240 1.74804505809
12.245 1.74769561876
12.250 1.74734640433
12.255 1.74699741459
12.260 1.7466486493
12.265 1.74630010825
12.270 1.7459517912
12.275 1.74560369794
12.280 1.74525582824
12.285 1.74490818187
12.290 1.74456075862
12.295 1.74421355826
12.300 1.74386658057
12.305 1.74351982532
12.310 1.7431732923
12.315 1.74282698128
12.320 1.74248089204
12.325 1.74213502436
12.330 1.74178937802
12.335 1.7414439528
12.340 1.74109874847
12.345 1.74075376483
12.350 1.74040900165
12.355 1.74006445871
12.360 1.73972013579
12.365 1.73937603267
12.370 1.73903214914
12.375 1.73868848498
12.380 1.73834503996
12.385 1.73800181388
12.390 1.73765880652
12.395 1.73731601765
12.400 1.73697344707
12.405 1.73663109456
12.410 1.73628895989
12.415 1.73594704287
12.420 1.73560534326
12.425 1.73526386086
12.430 1.73492259545
12.435 1.73458154682
12.440 1.73424071475
12.445 1.73390009903
12.450 1.73355969945
12.455 1.73321951579
12.460 1.73287954784
12.465 1.7325397954
12.470 1.73220025823
12.475 1.73186093614
12.480 1.73152182892
12.485 1.73118293635
12.490 1.73084425822
12.495 1.73050579432
12.500 1.73016754443
12.505 1.72982950836
12.510 1.72949168589
12.515 1.72915407681
12.520 1.72881668092
12.525 1.72847949799
12.530 1.72814252783
12.535 1.72780577023
12.540 1.72746922497
12.545 1.72713289186
12.550 1.72679677068
12.555 1.72646086122
12.560 1.72612516328
12.565 1.72578967666
12.570 1.72545440114
12.575 1.72511933653
12.580 1.72478448261
12.585 1.72444983917
12.590 1.72411540603
12.595 1.72378118296
12.600 1.72344716977
12.605 1.72311336624
12.610 1.72277977219
12.615 1.7224463874
12.620 1.72211321167
12.625 1.72178024479
12.630 1.72144748657
12.635 1.7211149368
12.640 1.72078259528
12.645 1.72045046181
12.650 1.72011853618
12.655 1.7197868182
12.660 1.71945530766
12.665 1.71912400436
12.670 1.7187929081
12.675 1.71846201869
12.680 1.71813133591
12.685 1.71780085958
12.690 1.71747058949
12.695 1.71714052544
12.700 1.71681066724
12.705 1.71648101468
12.710 1.71615156756
12.715 1.7158223257
12.720 1.71549328889
12.725 1.71516445693
12.730 1.71483582962
12.735 1.71450740678
12.740 1.7141791882
12.745 1.71385117368
12.750 1.71352336303
12.755 1.71319575606
12.760 1.71286835256
12.765 1.71254115235
12.770 1.71221415523
12.775 1.71188736099
12.780 1.71156076946
12.785 1.71123438042
12.790 1.7109081937
12.795 1.7105822091
12.800 1.71025642641
12.805 1.70993084546
12.810 1.70960546604
12.815 1.70928028796
12.820 1.70895531103
12.825 1.70863053507
12.830 1.70830595987
12.835 1.70798158524
12.840 1.707657411
12.845 1.70733343695
12.850 1.7070096629
12.855 1.70668608866
12.860 1.70636271404
12.865 1.70603953886
12.870 1.70571656291
12.875 1.70539378601
12.880 1.70507120798
12.885 1.70474882861
12.890 1.70442664773
12.895 1.70410466515
12.900 1.70378288067
12.905 1.70346129411
12.910 1.70313990528
12.915 1.70281871399
12.920 1.70249772006
12.925 1.7021769233
12.930 1.70185632352
12.935 1.70153592054
12.940 1.70121571416
12.945 1.70089570421
12.950 1.70057589049
12.955 1.70025627283
12.960 1.69993685103
12.965 1.69961762492
12.970 1.6992985943
12.975 1.69897975899
12.980 1.69866111881
12.985 1.69834267357
12.990 1.69802442309
12.995 1.69770636719
13.000 1.69738850569
13.005 1.69707083839
13.010 1.69675336512
13.015 1.6964360857
13.020 1.69611899993
13.025 1.69580210765
13.030 1.69548540867
13.035 1.6951689028
13.040 1.69485258987
13.045 1.69453646969
13.050 1.69422054208
13.055 1.69390480687
13.060 1.69358926387
13.065 1.69327391291
13.070 1.6929587538
13.075 1.69264378635
13.080 1.69232901041
13.085 1.69201442578
13.090 1.69170003228
13.095 1.69138582974
13.100 1.69107181798
13.105 1.69075799681
13.110 1.69044436608
13.115 1.69013092558
13.120 1.68981767515
13.125 1.68950461461
13.130 1.68919174379
13.135 1.6888790625
13.140 1.68856657057
13.145 1.68825426782
13.150 1.68794215408
13.155 1.68763022917
13.160 1.68731849292
13.165 1.68700694515
13.170 1.68669558568
13.175 1.68638441434
13.180 1.68607343096
13.185 1.68576263536
13.190 1.68545202736
13.195 1.6851416068
13.200 1.6848313735
13.205 1.68452132728
13.210 1.68421146798
13.215 1.68390179541
13.220 1.68359230941
13.225 1.68328300981
13.230 1.68297389643
13.235 1.68266496909
13.240 1.68235622764
13.245 1.68204767188
13.250 1.68173930167
13.255 1.68143111681
13.260 1.68112311715
13.265 1.68081530251
13.270 1.68050767272
13.275 1.68020022761
13.280 1.67989296702
13.285 1.67958589076
13.290 1.67927899867
13.295 1.67897229058
13.300 1.67866576633
13.305 1.67835942574
13.310 1.67805326864
13.315 1.67774729487
13.320 1.67744150426
13.325 1.67713589663
13.330 1.67683047183
13.335 1.67652522968
13.340 1.67622017002
13.345 1.67591529268
13.350 1.67561059749
13.355 1.67530608428
13.360 1.67500175289
13.365 1.67469760316
13.370 1.67439363491
13.375 1.67408984799
13.380 1.67378624221
13.385 1.67348281743
13.390 1.67317957347
13.395 1.67287651017
13.400 1.67257362737
13.405 1.67227092489
13.410 1.67196840258
13.415 1.67166606027
13.420 1.6713638978
13.425 1.671061915
13.430 1.67076011171
13.435 1.67045848777
13.440 1.67015704301
13.445 1.66985577727
13.450 1.66955469039
13.455 1.66925378221
13.460 1.66895305255
13.465 1.66865250127
13.470 1.6683521282
13.475 1.66805193318
13.480 1.66775191604
13.485 1.66745207662
13.490 1.66715241477
13.495 1.66685293033
13.500 1.66655362312
13.505 1.666254493
13.510 1.6659555398
13.515 1.66565676337
13.520 1.66535816353
13.525 1.66505974014
13.530 1.66476149303
13.535 1.66446342204
13.540 1.66416552702
13.545 1.66386780781
13.550 1.66357026425
13.555 1.66327289617
13.560 1.66297570343
13.565 1.66267868586
13.570 1.66238184331
13.575 1.66208517561
13.580 1.66178868262
13.585 1.66149236417
13.590 1.66119622011
13.595 1.66090025028
13.600 1.66060445453
13.605 1.66030883269
13.610 1.66001338461
13.615 1.65971811014
13.620 1.65942300912
13.625 1.6591280814
13.630 1.65883332681
13.635 1.65853874521
13.640 1.65824433644
13.645 1.65795010034
13.650 1.65765603677
13.655 1.65736214556
13.660 1.65706842656
13.665 1.65677487962
13.670 1.65648150459
13.675 1.65618830131
13.680 1.65589526962
13.685 1.65560240938
13.690 1.65530972043
13.695 1.65501720262
13.700 1.6547248558
13.705 1.65443267981
13.710 1.6541406745
13.715 1.65384883972
13.720 1.65355717533
13.725 1.65326568115
13.730 1.65297435706
13.735 1.65268320289
13.740 1.65239221849
13.745 1.65210140371
13.750 1.65181075841
13.755 1.65152028243
13.760 1.65122997562
13.765 1.65093983783
13.770 1.65064986892
13.775 1.65036006872
13.780 1.6500704371
13.785 1.6497809739
13.790 1.64949167898
13.795 1.64920255218
13.800 1.64891359336
13.805 1.64862480237
13.810 1.64833617906
13.815 1.64804772328
13.820 1.64775943488
13.825 1.64747131372
13.830 1.64718335965
13.835 1.64689557252
13.840 1.64660795219
13.845 1.6463204985
13.850 1.64603321132
13.855 1.64574609048
13.860 1.64545913586
13.865 1.64517234729
13.870 1.64488572465
13.875 1.64459926777
13.880 1.64431297651
13.885 1.64402685073
13.890 1.64374089029
13.895 1.64345509503
13.900 1.64316946482
13.905 1.6428839995
13.910 1.64259869894
13.915 1.64231356299
13.920 1.6420285915
13.925 1.64174378433
13.930 1.64145914134
13.935 1.64117466238
13.940 1.64089034731
13.945 1.64060619599
13.950 1.64032220828
13.955 1.64003838402
13.960 1.63975472308
13.965 1.63947122531
13.970 1.63918789058
13.975 1.63890471874
13.980 1.63862170964
13.985 1.63833886316
13.990 1.63805617913
13.995 1.63777365743
14.000 1.63749129792
14.005 1.63720910044
14.010 1.63692706486
14.015 1.63664519104
14.020 1.63636347884
14.025 1.63608192812
14.030 1.63580053873
14.035 1.63551931054
14.040 1.63523824341
14.045 1.6349573372
14.050 1.63467659176
14.055 1.63439600697
14.060 1.63411558267
14.065 1.63383531873
14.070 1.63355521501
14.075 1.63327527138
14.080 1.63299548769
14.085 1.63271586381
14.090 1.63243639959
14.095 1.6321570949
14.100 1.63187794961
14.105 1.63159896357
14.110 1.63132013664
14.115 1.63104146869
14.120 1.63076295959
14.125 1.63048460919
14.130 1.63020641736
14.135 1.62992838396
14.140 1.62965050885
14.145 1.62937279191
14.150 1.62909523298
14.155 1.62881783194
14.160 1.62854058865
14.165 1.62826350298
14.170 1.62798657479
14.175 1.62770980394
14.180 1.62743319029
14.185 1.62715673373
14.190 1.6268804341
14.195 1.62660429127
14.200 1.62632830512
14.205 1.6260524755
14.210 1.62577680229
14.215 1.62550128534
14.220 1.62522592452
14.225 1.6249507197
14.230 1.62467567075
14.235 1.62440077754
14.240 1.62412603992
14.245 1.62385145777
14.250 1.62357703095
14.255 1.62330275934
14.260 1.62302864279
14.265 1.62275468119
14.270 1.62248087438
14.275 1.62220722225
14.280 1.62193372466
14.285 1.62166038148
14.290 1.62138719257
14.295 1.62111415781
14.300 1.62084127706
14.305 1.6205685502
14.310 1.62029597709
14.315 1.62002355761
14.320 1.61975129161
14.325 1.61947917898
14.330 1.61920721957
14.335 1.61893541327
14.340 1.61866375994
14.345 1.61839225945
14.350 1.61812091166
14.355 1.61784971647
14.360 1.61757867372
14.365 1.6173077833
14.370 1.61703704507
14.375 1.61676645891
14.380 1.61649602468
14.385 1.61622574226
14.390 1.61595561152
14.395 1.61568563234
14.400 1.61541580458
14.405 1.61514612811
14.410 1.61487660281
14.415 1.61460722855
14.420 1.61433800521
14.425 1.61406893265
14.430 1.61380001075
14.435 1.61353123938
14.440 1.61326261842
14.445 1.61299414774
14.450 1.6127258272
14.455 1.6124576567
14.460 1.61218963609
14.465 1.61192176525
14.470 1.61165404406
14.475 1.6113864724
14.480 1.61111905013
14.485 1.61085177713
14.490 1.61058465327
14.495 1.61031767844
14.500 1.6100508525
14.505 1.60978417533
14.510 1.60951764681
14.515 1.60925126681
14.520 1.6089850352
14.525 1.60871895187
14.530 1.60845301669
14.535 1.60818722953
14.540 1.60792159027
14.545 1.60765609879
14.550 1.60739075496
14.555 1.60712555867
14.560 1.60686050978
14.565 1.60659560817
14.570 1.60633085373
14.575 1.60606624633
14.580 1.60580178584
14.585 1.60553747214
14.590 1.60527330512
14.595 1.60500928464
14.600 1.60474541059
14.605 1.60448168285
14.610 1.60421810129
14.615 1.6039546658
14.620 1.60369137624
14.625 1.6034282325
14.630 1.60316523447
14.635 1.602902382
14.640 1.602639675
14.645 1.60237711333
14.650 1.60211469688
14.655 1.60185242552
14.660 1.60159029913
14.665 1.6013283176
14.670 1.60106648081
14.675 1.60080478863
14.680 1.60054324094
14.685 1.60028183763
14.690 1.60002057858
14.695 1.59975946366
14.700 1.59949849276
14.705 1.59923766576
14.710 1.59897698254
14.715 1.59871644298
14.720 1.59845604697
14.725 1.59819579437
14.730 1.59793568509
14.735 1.59767571899
14.740 1.59741589596
14.745 1.59715621589
14.750 1.59689667864
14.755 1.59663728412
14.760 1.59637803219
14.765 1.59611892275
14.770 1.59585995567
14.775 1.59560113084
14.780 1.59534244815
14.785 1.59508390746
14.790 1.59482550868
14.795 1.59456725167
14.800 1.59430913633
14.805 1.59405116254
14.810 1.59379333018
14.815 1.59353563914
14.820 1.5932780893
14.825 1.59302068055
14.830 1.59276341277
14.835 1.59250628584
14.840 1.59224929965
14.845 1.59199245409
14.850 1.59173574903
14.855 1.59147918437
14.860 1.59122275999
14.865 1.59096647578
14.870 1.59071033162
14.875 1.59045432739
14.880 1.59019846299
14.885 1.5899427383
14.890 1.5896871532
14.895 1.58943170758
14.900 1.58917640133
14.905 1.58892123434
14.910 1.58866620649
14.915 1.58841131766
14.920 1.58815656775
14.925 1.58790195664
14.930 1.58764748422
14.935 1.58739315037
14.940 1.58713895499
14.945 1.58688489796
14.950 1.58663097917
14.955 1.58637719851
14.960 1.58612355587
14.965 1.58587005112
14.970 1.58561668417
14.975 1.5853634549
14.980 1.58511036319
14.985 1.58485740894
14.990 1.58460459204
14.995 1.58435191238
15.000 1.58409936983
15.005 1.58384091921
15.010 1.58358260767
15.015 1.58332443511
15.020 1.58306640139
15.025 1.58280850643
15.030 1.58255075009
15.035 1.58229313228
15.040 1.58203565288
15.045 1.58177831178
15.050 1.58152110887
15.055 1.58126404403
15.060 1.58100711715
15.065 1.58075032813
15.070 1.58049367686
15.075 1.58023716321
15.080 1.57998078709
15.085 1.57972454838
15.090 1.57946844697
15.095 1.57921248275
15.100 1.57895665561
15.105 1.57870096545
15.110 1.57844541214
15.115 1.57818999559
15.120 1.57793471567
15.125 1.57767957229
15.130 1.57742456534
15.135 1.57716969469
15.140 1.57691496026
15.145 1.57666036192
15.150 1.57640589956
15.155 1.57615157309
15.160 1.57589738238
15.165 1.57564332734
15.170 1.57538940785
15.175 1.5751356238
15.180 1.57488197509
15.185 1.57462846161
15.190 1.57437508325
15.195 1.57412183991
15.200 1.57386873147
15.205 1.57361575783
15.210 1.57336291889
15.215 1.57311021452
15.220 1.57285764464
15.225 1.57260520912
15.230 1.57235290787
15.235 1.57210074078
15.240 1.57184870773
15.245 1.57159680863
15.250 1.57134504337
15.255 1.57109341184
15.260 1.57084191393
15.265 1.57059054954
15.270 1.57033931857
15.275 1.5700882209
15.280 1.56983725644
15.285 1.56958642507
15.290 1.5693357267
15.295 1.56908516121
15.300 1.5688347285
15.305 1.56858442847
15.310 1.56833426101
15.315 1.56808422602
15.320 1.56783432339
15.325 1.56758455301
15.330 1.56733491479
15.335 1.56708540862
15.340 1.56683603439
15.345 1.56658679201
15.350 1.56633768136
15.355 1.56608870234
15.360 1.56583985485
15.365 1.56559113879
15.370 1.56534255405
15.375 1.56509410053
15.380 1.56484577813
15.385 1.56459758674
15.390 1.56434952626
15.395 1.56410159658
15.400 1.56385379761
15.405 1.56360612924
15.410 1.56335859137
15.415 1.5631111839
15.420 1.56286390672
15.425 1.56261675974
15.430 1.56236974284
15.435 1.56212285594
15.440 1.56187609892
15.445 1.56162947168
15.450 1.56138297413
15.455 1.56113660616
15.460 1.56089036768
15.465 1.56064425857
15.470 1.56039827874
15.475 1.56015242808
15.480 1.55990670651
15.485 1.55966111391
15.490 1.55941565018
15.495 1.55917031523
15.500 1.55892510896
15.505 1.55868003125
15.510 1.55843508202
15.515 1.55819026117
15.520 1.55794556859
15.525 1.55770100418
15.530 1.55745656785
15.535 1.55721225949
15.540 1.556968079
15.545 1.5567240263
15.550 1.55648010126
15.555 1.55623630381
15.560 1.55599263383
15.565 1.55574909124
15.570 1.55550567592
15.575 1.55526238778
15.580 1.55501922673
15.585 1.55477619266
15.590 1.55453328548
15.595 1.55429050509
15.600 1.55404785138
15.605 1.55380532427
15.610 1.55356292365
15.615 1.55332064942
15.620 1.5530785015
15.625 1.55283647977
15.630 1.55259458415
15.635 1.55235281453
15.640 1.55211117083
15.645 1.55186965293
15.650 1.55162826074
15.655 1.55138699418
15.660 1.55114585313
15.665 1.55090483751
15.670 1.55066394721
15.675 1.55042318214
15.680 1.55018254221
15.685 1.54994202732
15.690 1.54970163736
15.695 1.54946137225
15.700 1.54922123189
15.705 1.54898121619
15.710 1.54874132504
15.715 1.54850155835
15.720 1.54826191603
15.725 1.54802239798
15.730 1.54778300411
15.735 1.54754373431
15.740 1.5473045885
15.745 1.54706556659
15.750 1.54682666846
15.755 1.54658789404
15.760 1.54634924322
15.765 1.54611071591
15.770 1.54587231202
15.775 1.54563403145
15.780 1.54539587411
15.785 1.5451578399
15.790 1.54491992874
15.795 1.54468214051
15.800 1.54444447514
15.805 1.54420693253
15.810 1.54396951258
15.815 1.5437322152
15.820 1.5434950403
15.825 1.54325798779
15.830 1.54302105756
15.835 1.54278424953
15.840 1.5425475636
15.845 1.54231099969
15.850 1.5420745577
15.855 1.54183823753
15.860 1.54160203909
15.865 1.5413659623
15.870 1.54113000705
15.875 1.54089417326
15.880 1.54065846083
15.885 1.54042286967
15.890 1.5401873997
15.895 1.53995205081
15.900 1.53971682292
15.905 1.53948171593
15.910 1.53924672975
15.915 1.5390118643
15.920 1.53877711947
15.925 1.53854249518
15.930 1.53830799134
15.935 1.53807360786
15.940 1.53783934464
15.945 1.53760520159
15.950 1.53737117863
15.955 1.53713727566
15.960 1.53690349259
15.965 1.53666982933
15.970 1.5364362858
15.975 1.53620286189
15.980 1.53596955752
15.985 1.53573637261
15.990 1.53550330705
15.995 1.53527036077
16.000 1.53503753367
16.005 1.53480482565
16.010 1.53457223664
16.015 1.53433976654
16.020 1.53410741526
16.025 1.53387518272
16.030 1.53364306882
16.035 1.53341107347
16.040 1.53317919659
16.045 1.53294743808
16.050 1.53271579786
16.055 1.53248427585
16.060 1.53225287194
16.065 1.53202158605
16.070 1.5317904181
16.075 1.53155936799
16.080 1.53132843564
16.085 1.53109762096
16.090 1.53086692386
16.095 1.53063634425
16.100 1.53040588204
16.105 1.53017553715
16.110 1.52994530949
16.115 1.52971519898
16.120 1.52948520551
16.125 1.52925532902
16.130 1.5290255694
16.135 1.52879592658
16.140 1.52856640046
16.145 1.52833699096
16.150 1.52810769799
16.155 1.52787852146
16.160 1.52764946129
16.165 1.52742051739
16.170 1.52719168968
16.175 1.52696297807
16.180 1.52673438246
16.185 1.52650590278
16.190 1.52627753895
16.195 1.52604929086
16.200 1.52582115844
16.205 1.5255931416
16.210 1.52536524026
16.215 1.52513745433
16.220 1.52490978372
16.225 1.52468222835
16.230 1.52445478814
16.235 1.52422746299
16.240 1.52400025282
16.245 1.52377315755
16.250 1.5235461771
16.255 1.52331931137
16.260 1.52309256028
16.265 1.52286592376
16.270 1.5226394017
16.275 1.52241299404
16.280 1.52218670067
16.285 1.52196052153
16.290 1.52173445652
16.295 1.52150850557
16.300 1.52128266858
16.305 1.52105694547
16.310 1.52083133616
16.315 1.52060584057
16.320 1.52038045861
16.325 1.52015519019
16.330 1.51993003524
16.335 1.51970499367
16.340 1.5194800654
16.345 1.51925525034
16.350 1.51903054842
16.355 1.51880595953
16.360 1.51858148362
16.365 1.51835712058
16.370 1.51813287034
16.375 1.51790873282
16.380 1.51768470793
16.385 1.5174607956
16.390 1.51723699573
16.395 1.51701330824
16.400 1.51678973306
16.405 1.5165662701
16.410 1.51634291927
16.415 1.51611968051
16.420 1.51589655371
16.425 1.51567353881
16.430 1.51545063572
16.435 1.51522784436
16.440 1.51500516465
16.445 1.5147825965
16.450 1.51456013984
16.455 1.51433779458
16.460 1.51411556064
16.465 1.51389343794
16.470 1.5136714264
16.475 1.51344952594
16.480 1.51322773648
16.485 1.51300605793
16.490 1.51278449022
16.495 1.51256303326
16.500 1.51234168698
16.505 1.51212045129
16.510 1.51189932612
16.515 1.51167831137
16.520 1.51145740698
16.525 1.51123661287
16.530 1.51101592894
16.535 1.51079535513
16.540 1.51057489135
16.545 1.51035453752
16.550 1.51013429357
16.555 1.50991415941
16.560 1.50969413496
16.565 1.50947422015
16.570 1.50925441489
16.575 1.5090347191
16.580 1.50881513272
16.585 1.50859565565
16.590 1.50837628781
16.595 1.50815702914
16.600 1.50793787955
16.605 1.50771883895
16.610 1.50749990728
16.615 1.50728108446
16.620 1.50706237039
16.625 1.50684376502
16.630 1.50662526825
16.635 1.50640688002
16.640 1.50618860023
16.645 1.50597042882
16.650 1.5057523657
16.655 1.50553441081
16.660 1.50531656405
16.665 1.50509882535
16.670 1.50488119463
16.675 1.50466367183
16.680 1.50444625685
16.685 1.50422894962
16.690 1.50401175007
16.695 1.50379465811
16.700 1.50357767367
16.705 1.50336079667
16.710 1.50314402704
16.715 1.5029273647
16.720 1.50271080956
16.725 1.50249436156
16.730 1.50227802062
16.735 1.50206178666
16.740 1.5018456596
16.745 1.50162963937
16.750 1.50141372589
16.755 1.50119791908
16.760 1.50098221888
16.765 1.50076662519
16.770 1.50055113795
16.775 1.50033575708
16.780 1.50012048251
16.785 1.49990531415
16.790 1.49969025193
16.795 1.49947529578
16.800 1.49926044562
16.805 1.49904570138
16.810 1.49883106298
16.815 1.49861653034
16.820 1.49840210339
16.825 1.49818778205
16.830 1.49797356625
16.835 1.49775945591
16.840 1.49754545097
16.845 1.49733155133
16.850 1.49711775694
16.855 1.49690406771
16.860 1.49669048356
16.865 1.49647700443
16.870 1.49626363025
16.875 1.49605036092
16.880 1.49583719639
16.885 1.49562413657
16.890 1.4954111814
16.895 1.49519833079
16.900 1.49498558468
16.905 1.49477294299
16.910 1.49456040564
16.915 1.49434797257
16.920 1.4941356437
16.925 1.49392341895
16.930 1.49371129825
16.935 1.49349928152
16.940 1.49328736871
16.945 1.49307555972
16.950 1.49286385449
16.955 1.49265225295
16.960 1.49244075501
16.965 1.49222936061
16.970 1.49201806968
16.975 1.49180688214
16.980 1.49159579792
16.985 1.49138481694
16.990 1.49117393914
16.995 1.49096316444
17.000 1.49075249277
17.005 1.49054192405
17.010 1.49033145822
17.015 1.49012109519
17.020 1.48991083491
17.025 1.48970067729
17.030 1.48949062227
17.035 1.48928066977
17.040 1.48907081972
17.045 1.48886107205
17.050 1.48865142668
17.055 1.48844188355
17.060 1.48823244258
17.065 1.48802310371
17.070 1.48781386685
17.075 1.48760473194
17.080 1.48739569891
17.085 1.48718676769
17.090 1.4869779382
17.095 1.48676921037
17.100 1.48656058414
17.105 1.48635205943
17.110 1.48614363616
17.115 1.48593531428
17.120 1.48572709371
17.125 1.48551897437
17.130 1.48531095621
17.135 1.48510303914
17.140 1.48489522309
17.145 1.484687508
17.150 1.4844798938
17.155 1.48427238041
17.160 1.48406496777
17.165 1.4838576558
17.170 1.48365044444
17.175 1.48344333361
17.180 1.48323632325
17.185 1.48302941328
17.190 1.48282260364
17.195 1.48261589425
17.200 1.48240928505
17.205 1.48220277596
17.210 1.48199636692
17.215 1.48179005786
17.220 1.48158384871
17.225 1.4813777394
17.230 1.48117172985
17.235 1.48096582001
17.240 1.4807600098
17.245 1.48055429914
17.250 1.48034868799
17.255 1.48014317626
17.260 1.47993776388
17.265 1.47973245079
17.270 1.47952723692
17.275 1.4793221222
17.280 1.47911710656
17.285 1.47891218993
17.290 1.47870737225
17.295 1.47850265344
17.300 1.47829803344
17.305 1.47809351218
17.310 1.4778890896
17.315 1.47768476561
17.320 1.47748054016
17.325 1.47727641318
17.330 1.4770723846
17.335 1.47686845436
17.340 1.47666462237
17.345 1.47646088859
17.350 1.47625725293
17.355 1.47605371533
17.360 1.47585027573
17.365 1.47564693406
17.370 1.47544369025
17.375 1.47524054422
17.380 1.47503749593
17.385 1.47483454529
17.390 1.47463169225
17.395 1.47442893673
17.400 1.47422627866
17.405 1.47402371799
17.410 1.47382125464
17.415 1.47361888855
17.420 1.47341661965
17.425 1.47321444788
17.430 1.47301237316
17.435 1.47281039544
17.440 1.47260851464
17.445 1.47240673069
17.450 1.47220504355
17.455 1.47200345312
17.460 1.47180195936
17.465 1.4716005622
17.470 1.47139926156
17.475 1.47119805738
17.480 1.47099694961
17.485 1.47079593816
17.490 1.47059502298
17.495 1.470394204
17.500 1.47019348115
17.505 1.46999285437
17.510 1.4697923236
17.515 1.46959188877
17.520 1.4693915498
17.525 1.46919130665
17.530 1.46899115924
17.535 1.46879110751
17.540 1.46859115139
17.545 1.46839129081
17.550 1.46819152572
17.555 1.46799185605
17.560 1.46779228173
17.565 1.4675928027
17.570 1.4673934189
17.575 1.46719413025
17.580 1.4669949367
17.585 1.46679583818
17.590 1.46659683463
17.595 1.46639792598
17.600 1.46619911216
17.605 1.46600039312
17.610 1.46580176879
17.615 1.46560323911
17.620 1.465404804
17.625 1.46520646342
17.630 1.46500821729
17.635 1.46481006554
17.640 1.46461200813
17.645 1.46441404498
17.650 1.46421617602
17.655 1.4640184012
17.660 1.46382072046
17.665 1.46362313372
17.670 1.46342564093
17.675 1.46322824202
17.680 1.46303093693
17.685 1.4628337256
17.690 1.46263660795
17.695 1.46243958394
17.700 1.4622426535
17.705 1.46204581655
17.710 1.46184907305
17.715 1.46165242293
17.720 1.46145586613
17.725 1.46125940257
17.730 1.46106303221
17.735 1.46086675498
17.740 1.46067057081
17.745 1.46047447964
17.750 1.46027848141
17.755 1.46008257607
17.760 1.45988676354
17.765 1.45969104376
17.770 1.45949541667
17.775 1.45929988222
17.780 1.45910444033
17.785 1.45890909095
17.790 1.45871383402
17.795 1.45851866946
17.800 1.45832359723
17.805 1.45812861726
17.810 1.45793372948
17.815 1.45773893384
17.820 1.45754423028
17.825 1.45734961873
17.830 1.45715509913
17.835 1.45696067142
17.840 1.45676633554
17.845 1.45657209142
17.850 1.45637793902
17.855 1.45618387826
17.860 1.45598990909
17.865 1.45579603144
17.870 1.45560224525
17.875 1.45540855047
17.880 1.45521494703
17.885 1.45502143487
17.890 1.45482801393
17.895 1.45463468415
17.900 1.45444144547
17.905 1.45424829782
17.910 1.45405524116
17.915 1.45386227541
17.920 1.45366940053
17.925 1.45347661644
17.930 1.45328392309
17.935 1.45309132041
17.940 1.45289880836
17.945 1.45270638686
17.950 1.45251405585
17.955 1.45232181529
17.960 1.4521296651
17.965 1.45193760524
17.970 1.45174563563
17.975 1.45155375622
17.980 1.45136196695
17.985 1.45117026776
17.990 1.45097865859
17.995 1.45078713938
18.000 1.45059571007
18.005 1.45040437061
18.010 1.45021312092
18.015 1.45002196097
18.020 1.44983089067
18.025 1.44963990999
18.030 1.44944901885
18.035 1.4492582172
18.040 1.44906750498
18.045 1.44887688212
18.050 1.44868634858
18.055 1.4484959043
18.060 1.44830554921
18.065 1.44811528325
18.070 1.44792510637
18.075 1.44773501851
18.080 1.44754501961
18.085 1.44735510961
18.090 1.44716528846
18.095 1.44697555609
18.100 1.44678591245
18.105 1.44659635748
18.110 1.44640689112
18.115 1.44621751331
18.120 1.446028224
18.125 1.44583902312
18.130 1.44564991063
18.135 1.44546088645
18.140 1.44527195054
18.145 1.44508310284
18.150 1.44489434329
18.155 1.44470567182
18.160 1.44451708839
18.165 1.44432859294
18.170 1.44414018541
18.175 1.44395186574
18.180 1.44376363387
18.185 1.44357548975
18.190 1.44338743331
18.195 1.44319946452
18.200 1.44301158329
18.205 1.44282378959
18.210 1.44263608335
18.215 1.44244846451
18.220 1.44226093302
18.225 1.44207348882
18.230 1.44188613186
18.235 1.44169886207
18.240 1.44151167941
18.245 1.44132458381
18.250 1.44113757522
18.255 1.44095065358
18.260 1.44076381884
18.265 1.44057707093
18.270 1.44039040981
18.275 1.44020383542
18.280 1.44001734769
18.285 1.43983094658
18.290 1.43964463203
18.295 1.43945840398
18.300 1.43927226237
18.305 1.43908620716
18.310 1.43890023828
18.315 1.43871435568
18.320 1.4385285593
18.325 1.43834284909
18.330 1.43815722499
18.335 1.43797168695
18.340 1.43778623491
18.345 1.43760086881
18.350 1.4374155886
18.355 1.43723039423
18.360 1.43704528564
18.365 1.43686026276
18.370 1.43667532556
18.375 1.43649047397
18.380 1.43630570794
18.385 1.43612102742
18.390 1.43593643234
18.395 1.43575192265
18.400 1.4355674983
18.405 1.43538315924
18.410 1.4351989054
18.415 1.43501473674
18.420 1.4348306532
18.425 1.43464665472
18.430 1.43446274125
18.435 1.43427891274
18.440 1.43409516913
18.445 1.43391151036
18.450 1.43372793639
18.455 1.43354444716
18.460 1.43336104261
18.465 1.43317772269
18.470 1.43299448734
18.475 1.43281133652
18.480 1.43262827016
18.485 1.43244528822
18.490 1.43226239063
18.495 1.43207957735
18.500 1.43189684832
18.505 1.43171420349
18.510 1.43153164281
18.515 1.43134916621
18.520 1.43116677365
18.525 1.43098446508
18.530 1.43080224043
18.535 1.43062009966
18.540 1.43043804271
18.545 1.43025606953
18.550 1.43007418007
18.555 1.42989237427
18.560 1.42971065208
18.565 1.42952901345
18.570 1.42934745831
18.575 1.42916598663
18.580 1.42898459835
18.585 1.42880329341
18.590 1.42862207176
18.595 1.42844093334
18.600 1.42825987812
18.605 1.42807890602
18.610 1.42789801701
18.615 1.42771721102
18.620 1.42753648801
18.625 1.42735584792
18.630 1.4271752907
18.635 1.42699481629
18.640 1.42681442465
18.645 1.42663411572
18.650 1.42645388946
18.655 1.42627374579
18.660 1.42609368469
18.665 1.42591370609
18.670 1.42573380993
18.675 1.42555399618
18.680 1.42537426478
18.685 1.42519461566
18.690 1.4250150488
18.695 1.42483556412
18.700 1.42465616158
18.705 1.42447684113
18.710 1.42429760271
18.715 1.42411844628
18.720 1.42393937178
18.725 1.42376037916
18.730 1.42358146838
18.735 1.42340263936
18.740 1.42322389208
18.745 1.42304522647
18.750 1.42286664248
18.755 1.42268814007
18.760 1.42250971917
18.765 1.42233137975
18.770 1.42215312174
18.775 1.4219749451
18.780 1.42179684978
18.785 1.42161883573
18.790 1.42144090288
18.795 1.42126305121
18.800 1.42108528064
18.805 1.42090759114
18.810 1.42072998264
18.815 1.42055245511
18.820 1.42037500849
18.825 1.42019764272
18.830 1.42002035777
18.835 1.41984315357
18.840 1.41966603008
18.845 1.41948898725
18.850 1.41931202502
18.855 1.41913514335
18.860 1.41895834219
18.865 1.41878162148
18.870 1.41860498118
18.875 1.41842842123
18.880 1.41825194159
18.885 1.4180755422
18.890 1.41789922302
18.895 1.41772298399
18.900 1.41754682507
18.905 1.4173707462
18.910 1.41719474734
18.915 1.41701882844
18.920 1.41684298944
18.925 1.4166672303
18.930 1.41649155096
18.935 1.41631595138
18.940 1.41614043151
18.945 1.4159649913
18.950 1.4157896307
18.955 1.41561434965
18.960 1.41543914812
18.965 1.41526402604
18.970 1.41508898338
18.975 1.41491402008
18.980 1.41473913609
18.985 1.41456433137
18.990 1.41438960586
18.995 1.41421495952
19.000 1.41404039229
19.005 1.41386590413
19.010 1.41369149499
19.015 1.41351716482
19.020 1.41334291357
19.025 1.41316874119
19.030 1.41299464764
19.035 1.41282063286
19.040 1.41264669681
19.045 1.41247283944
19.050 1.41229906069
19.055 1.41212536053
19.060 1.4119517389
19.065 1.41177819575
19.070 1.41160473104
19.075 1.41143134471
19.080 1.41125803672
19.085 1.41108480703
19.090 1.41091165557
19.095 1.41073858232
19.100 1.4105655872
19.105 1.41039267019
19.110 1.41021983123
19.115 1.41004707026
19.120 1.40987438726
19.125 1.40970178216
19.130 1.40952925491
19.135 1.40935680548
19.140 1.40918443382
19.145 1.40901213986
19.150 1.40883992358
19.155 1.40866778491
19.160 1.40849572382
19.165 1.40832374026
19.170 1.40815183417
19.175 1.40798000551
19.180 1.40780825423
19.185 1.40763658029
19.190 1.40746498364
19.195 1.40729346423
19.200 1.40712202202
19.205 1.40695065695
19.210 1.40677936897
19.215 1.40660815806
19.220 1.40643702414
19.225 1.40626596719
19.230 1.40609498715
19.235 1.40592408397
19.240 1.40575325761
19.245 1.40558250802
19.250 1.40541183515
19.255 1.40524123896
19.260 1.40507071941
19.265 1.40490027643
19.270 1.40472991
19.275 1.40455962005
19.280 1.40438940655
19.285 1.40421926945
19.290 1.4040492087
19.295 1.40387922425
19.300 1.40370931606
19.305 1.40353948409
19.310 1.40336972828
19.315 1.40320004859
19.320 1.40303044497
19.325 1.40286091739
19.330 1.40269146578
19.335 1.40252209011
19.340 1.40235279033
19.345 1.40218356639
19.350 1.40201441825
19.355 1.40184534586
19.360 1.40167634918
19.365 1.40150742816
19.370 1.40133858275
19.375 1.40116981291
19.380 1.4010011186
19.385 1.40083249976
19.390 1.40066395635
19.395 1.40049548833
19.400 1.40032709565
19.405 1.40015877827
19.410 1.39999053613
19.415 1.3998223692
19.420 1.39965427743
19.425 1.39948626077
19.430 1.39931831918
19.435 1.39915045262
19.440 1.39898266103
19.445 1.39881494438
19.450 1.39864730261
19.455 1.39847973569
19.460 1.39831224356
19.465 1.39814482619
19.470 1.39797748353
19.475 1.39781021552
19.480 1.39764302214
19.485 1.39747590333
19.490 1.39730885905
19.495 1.39714188926
19.500 1.3969749939
19.505 1.39680817294
19.510 1.39664142632
19.515 1.39647475402
19.520 1.39630815597
19.525 1.39614163214
19.530 1.39597518249
19.535 1.39580880696
19.540 1.39564250551
19.545 1.39547627811
19.550 1.39531012469
19.555 1.39514404523
19.560 1.39497803968
19.565 1.39481210799
19.570 1.39464625011
19.575 1.39448046601
19.580 1.39431475564
19.585 1.39414911896
19.590 1.39398355591
19.595 1.39381806647
19.600 1.39365265058
19.605 1.3934873082
19.610 1.39332203929
19.615 1.3931568438
19.620 1.39299172169
19.625 1.39282667291
19.630 1.39266169743
19.635 1.39249679519
19.640 1.39233196616
19.645 1.3921672103
19.650 1.39200252754
19.655 1.39183791787
19.660 1.39167338122
19.665 1.39150891756
19.670 1.39134452685
19.675 1.39118020904
19.680 1.39101596408
19.685 1.39085179194
19.690 1.39068769257
19.695 1.39052366593
19.700 1.39035971197
19.705 1.39019583066
19.710 1.39003202194
19.715 1.38986828578
19.720 1.38970462214
19.725 1.38954103096
19.730 1.38937751221
19.735 1.38921406585
19.740 1.38905069183
19.745 1.3888873901
19.750 1.38872416064
19.755 1.38856100339
19.760 1.3883979183
19.765 1.38823490535
19.770 1.38807196448
19.775 1.38790909566
19.780 1.38774629884
19.785 1.38758357397
19.790 1.38742092103
19.795 1.38725833995
19.800 1.38709583071
19.805 1.38693339326
19.810 1.38677102755
19.815 1.38660873355
19.820 1.38644651121
19.825 1.38628436049
19.830 1.38612228135
19.835 1.38596027375
19.840 1.38579833764
19.845 1.38563647298
19.850 1.38547467974
19.855 1.38531295786
19.860 1.38515130731
19.865 1.38498972804
19.870 1.38482822002
19.875 1.38466678319
19.880 1.38450541753
19.885 1.38434412299
19.890 1.38418289952
19.895 1.38402174709
19.900 1.38386066564
19.905 1.38369965516
19.910 1.38353871558
19.915 1.38337784687
19.920 1.38321704898
19.925 1.38305632189
19.930 1.38289566553
19.935 1.38273507988
19.940 1.3825745649
19.945 1.38241412053
19.950 1.38225374674
19.955 1.38209344349
19.960 1.38193321074
19.965 1.38177304845
19.970 1.38161295657
19.975 1.38145293506
19.980 1.38129298389
19.985 1.38113310301
19.990 1.38097329238
19.995 1.38081355196
20.000 1.38065388171
20.005 1.38048397974
20.010 1.38031415093
20.015 1.38014439523
20.020 1.37997471262
20.025 1.37980510303
20.030 1.37963556644
20.035 1.3794661028
20.040 1.37929671206
20.045 1.37912739418
20.050 1.37895814913
20.055 1.37878897685
20.060 1.37861987731
20.065 1.37845085047
20.070 1.37828189627
20.075 1.37811301469
20.080 1.37794420568
20.085 1.37777546919
20.090 1.37760680518
20.095 1.37743821362
20.100 1.37726969445
20.105 1.37710124765
20.110 1.37693287316
20.115 1.37676457094
20.120 1.37659634096
20.125 1.37642818316
20.130 1.37626009752
20.135 1.37609208398
20.140 1.37592414251
20.145 1.37575627306
20.150 1.3755884756
20.155 1.37542075007
20.160 1.37525309644
20.165 1.37508551467
20.170 1.37491800472
20.175 1.37475056654
20.180 1.3745832001
20.185 1.37441590535
20.190 1.37424868224
20.195 1.37408153075
20.200 1.37391445083
20.205 1.37374744243
20.210 1.37358050552
20.215 1.37341364005
20.220 1.37324684599
20.225 1.37308012329
20.230 1.37291347191
20.235 1.37274689181
20.240 1.37258038295
20.245 1.37241394529
20.250 1.37224757879
20.255 1.37208128341
20.260 1.3719150591
20.265 1.37174890583
20.270 1.37158282355
20.275 1.37141681223
20.280 1.37125087182
20.285 1.37108500228
20.290 1.37091920357
20.295 1.37075347566
20.300 1.3705878185
20.305 1.37042223205
20.310 1.37025671626
20.315 1.37009127111
20.320 1.36992589655
20.325 1.36976059254
20.330 1.36959535903
20.335 1.369430196
20.340 1.36926510339
20.345 1.36910008117
20.350 1.3689351293
20.355 1.36877024774
20.360 1.36860543644
20.365 1.36844069537
20.370 1.36827602449
20.375 1.36811142376
20.380 1.36794689314
20.385 1.36778243258
20.390 1.36761804205
20.395 1.36745372151
20.400 1.36728947092
20.405 1.36712529023
20.410 1.36696117942
20.415 1.36679713843
20.420 1.36663316724
20.425 1.36646926579
20.430 1.36630543405
20.435 1.36614167199
20.440 1.36597797955
20.445 1.36581435671
20.450 1.36565080342
20.455 1.36548731964
20.460 1.36532390533
20.465 1.36516056046
20.470 1.36499728498
20.475 1.36483407886
20.480 1.36467094205
20.485 1.36450787453
20.490 1.36434487623
20.495 1.36418194714
20.500 1.36401908721
20.505 1.36385629639
20.510 1.36369357466
20.515 1.36353092197
20.520 1.36336833828
20.525 1.36320582356
20.530 1.36304337776
20.535 1.36288100085
20.540 1.36271869278
20.545 1.36255645353
20.550 1.36239428304
20.555 1.36223218129
20.560 1.36207014822
20.565 1.36190818382
20.570 1.36174628802
20.575 1.3615844608
20.580 1.36142270213
20.585 1.36126101195
20.590 1.36109939023
20.595 1.36093783693
20.600 1.36077635202
20.605 1.36061493545
20.610 1.36045358719
20.615 1.36029230719
20.620 1.36013109543
20.625 1.35996995186
20.630 1.35980887645
20.635 1.35964786915
20.640 1.35948692992
20.645 1.35932605874
20.650 1.35916525556
20.655 1.35900452034
20.660 1.35884385304
20.665 1.35868325363
20.670 1.35852272207
20.675 1.35836225832
20.680 1.35820186235
20.685 1.35804153411
20.690 1.35788127357
20.695 1.35772108068
20.700 1.35756095542
20.705 1.35740089774
20.710 1.35724090761
20.715 1.35708098499
20.720 1.35692112983
20.725 1.35676134211
20.730 1.35660162179
20.735 1.35644196882
20.740 1.35628238318
20.745 1.35612286481
20.750 1.3559634137
20.755 1.35580402979
20.760 1.35564471305
20.765 1.35548546344
20.770 1.35532628093
20.775 1.35516716548
20.780 1.35500811705
20.785 1.3548491356
20.790 1.3546902211
20.795 1.35453137351
20.800 1.3543725928
20.805 1.35421387891
20.810 1.35405523183
20.815 1.35389665151
20.820 1.35373813791
20.825 1.353579691
20.830 1.35342131074
20.835 1.35326299709
20.840 1.35310475001
20.845 1.35294656948
20.850 1.35278845545
20.855 1.35263040789
20.860 1.35247242675
20.865 1.35231451201
20.870 1.35215666362
20.875 1.35199888155
20.880 1.35184116577
20.885 1.35168351623
20.890 1.3515259329
20.895 1.35136841574
20.900 1.35121096471
20.905 1.35105357979
20.910 1.35089626093
20.915 1.3507390081
20.920 1.35058182125
20.925 1.35042470036
20.930 1.35026764539
20.935 1.3501106563
20.940 1.34995373305
20.945 1.34979687561
20.950 1.34964008395
20.955 1.34948335802
20.960 1.34932669779
20.965 1.34917010322
20.970 1.34901357428
20.975 1.34885711094
20.980 1.34870071315
20.985 1.34854438088
20.990 1.34838811409
20.995 1.34823191275
21.000 1.34807577682
21.005 1.34791970627
21.010 1.34776370106
21.015 1.34760776116
21.020 1.34745188652
21.025 1.34729607711
21.030 1.3471403329
21.035 1.34698465386
21.040 1.34682903994
21.045 1.34667349111
21.050 1.34651800733
21.055 1.34636258857
21.060 1.3462072348
21.065 1.34605194597
21.070 1.34589672206
21.075 1.34574156302
21.080 1.34558646882
21.085 1.34543143944
21.090 1.34527647482
21.095 1.34512157493
21.100 1.34496673975
21.105 1.34481196923
21.110 1.34465726334
21.115 1.34450262205
21.120 1.34434804531
21.125 1.3441935331
21.130 1.34403908538
21.135 1.34388470211
21.140 1.34373038326
21.145 1.34357612879
21.150 1.34342193867
21.155 1.34326781287
21.160 1.34311375134
21.165 1.34295975406
21.170 1.34280582099
21.175 1.34265195209
21.180 1.34249814733
21.185 1.34234440668
21.190 1.34219073009
21.195 1.34203711754
21.200 1.34188356899
21.205 1.3417300844
21.210 1.34157666375
21.215 1.34142330699
21.220 1.3412700141
21.225 1.34111678503
21.230 1.34096361975
21.235 1.34081051823
21.240 1.34065748043
21.245 1.34050450633
21.250 1.34035159588
21.255 1.34019874904
21.260 1.3400459658
21.265 1.3398932461
21.270 1.33974058993
21.275 1.33958799723
21.280 1.33943546799
21.285 1.33928300216
21.290 1.3391305997
21.295 1.3389782606
21.300 1.33882598481
21.305 1.33867377229
21.310 1.33852162302
21.315 1.33836953696
21.320 1.33821751407
21.325 1.33806555433
21.330 1.33791365769
21.335 1.33776182413
21.340 1.33761005361
21.345 1.33745834609
21.350 1.33730670155
21.355 1.33715511994
21.360 1.33700360124
21.365 1.33685214541
21.370 1.33670075241
21.375 1.33654942222
21.380 1.3363981548
21.385 1.33624695012
21.390 1.33609580813
21.395 1.33594472882
21.400 1.33579371214
21.405 1.33564275806
21.410 1.33549186655
21.415 1.33534103758
21.420 1.33519027111
21.425 1.3350395671
21.430 1.33488892553
21.435 1.33473834636
21.440 1.33458782956
21.445 1.33443737509
21.450 1.33428698292
21.455 1.33413665302
21.460 1.33398638536
21.465 1.33383617989
21.470 1.3336860366
21.475 1.33353595544
21.480 1.33338593638
21.485 1.33323597939
21.490 1.33308608443
21.495 1.33293625148
21.500 1.3327864805
21.505 1.33263677146
21.510 1.33248712431
21.515 1.33233753904
21.520 1.33218801561
21.525 1.33203855398
21.530 1.33188915413
21.535 1.33173981601
21.540 1.3315905396
21.545 1.33144132486
21.550 1.33129217177
21.555 1.33114308028
21.560 1.33099405037
21.565 1.330845082
21.570 1.33069617514
21.575 1.33054732976
21.580 1.33039854582
21.585 1.3302498233
21.590 1.33010116216
21.595 1.32995256236
21.600 1.32980402388
21.605 1.32965554668
21.610 1.32950713073
21.615 1.329358776
21.620 1.32921048246
21.625 1.32906225007
21.630 1.3289140788
21.635 1.32876596862
21.640 1.32861791949
21.645 1.32846993139
21.650 1.32832200428
21.655 1.32817413813
21.660 1.3280263329
21.665 1.32787858858
21.670 1.32773090511
21.675 1.32758328248
21.680 1.32743572065
21.685 1.32728821958
21.690 1.32714077925
21.695 1.32699339962
21.700 1.32684608066
21.705 1.32669882234
21.710 1.32655162463
21.715 1.3264044875
21.720 1.32625741091
21.725 1.32611039483
21.730 1.32596343923
21.735 1.32581654408
21.740 1.32566970934
21.745 1.325522935
21.750 1.325376221
21.755 1.32522956733
21.760 1.32508297394
21.765 1.32493644082
21.770 1.32478996792
21.775 1.32464355521
21.780 1.32449720268
21.785 1.32435091027
21.790 1.32420467796
21.795 1.32405850573
21.800 1.32391239353
21.805 1.32376634133
21.810 1.32362034912
21.815 1.32347441684
21.820 1.32332854448
21.825 1.323182732
21.830 1.32303697937
21.835 1.32289128656
21.840 1.32274565354
21.845 1.32260008027
21.850 1.32245456673
21.855 1.32230911289
21.860 1.3221637187
21.865 1.32201838415
21.870 1.3218731092
21.875 1.32172789382
21.880 1.32158273797
21.885 1.32143764164
21.890 1.32129260478
21.895 1.32114762737
21.900 1.32100270937
21.905 1.32085785076
21.910 1.3207130515
21.915 1.32056831156
21.920 1.32042363092
21.925 1.32027900953
21.930 1.32013444738
21.935 1.31998994443
21.940 1.31984550064
21.945 1.31970111599
21.950 1.31955679045
21.955 1.31941252399
21.960 1.31926831657
21.965 1.31912416817
21.970 1.31898007875
21.975 1.31883604829
21.980 1.31869207675
21.985 1.31854816411
21.990 1.31840431032
21.995 1.31826051537
22.000 1.31811677923
22.005 1.31797310185
22.010 1.31782948322
22.015 1.3176859233
22.020 1.31754242206
22.025 1.31739897947
22.030 1.3172555955
22.035 1.31711227011
22.040 1.31696900329
22.045 1.316825795
22.050 1.31668264521
22.055 1.31653955389
22.060 1.31639652101
22.065 1.31625354654
22.070 1.31611063044
22.075 1.3159677727
22.080 1.31582497327
22.085 1.31568223214
22.090 1.31553954926
22.095 1.31539692461
22.100 1.31525435816
22.105 1.31511184989
22.110 1.31496939975
22.115 1.31482700772
22.120 1.31468467377
22.125 1.31454239787
22.130 1.31440017999
22.135 1.3142580201
22.140 1.31411591818
22.145 1.31397387418
22.150 1.31383188809
22.155 1.31368995986
22.160 1.31354808948
22.165 1.31340627692
22.170 1.31326452213
22.175 1.3131228251
22.180 1.3129811858
22.185 1.31283960418
22.190 1.31269808024
22.195 1.31255661393
22.200 1.31241520522
22.205 1.31227385409
22.210 1.31213256051
22.215 1.31199132445
22.220 1.31185014588
22.225 1.31170902476
22.230 1.31156796108
22.235 1.3114269548
22.240 1.31128600589
22.245 1.31114511432
22.250 1.31100428006
22.255 1.31086350309
22.260 1.31072278337
22.265 1.31058212088
22.270 1.31044151559
22.275 1.31030096746
22.280 1.31016047648
22.285 1.3100200426
22.290 1.3098796658
22.295 1.30973934605
22.300 1.30959908333
22.305 1.3094588776
22.310 1.30931872884
22.315 1.30917863701
22.320 1.30903860208
22.325 1.30889862404
22.330 1.30875870285
22.335 1.30861883847
22.340 1.30847903089
22.345 1.30833928007
22.350 1.30819958599
22.355 1.30805994861
22.360 1.30792036791
22.365 1.30778084385
22.370 1.30764137642
22.375 1.30750196558
22.380 1.3073626113
22.385 1.30722331355
22.390 1.30708407231
22.395 1.30694488754
22.400 1.30680575923
22.405 1.30666668733
22.410 1.30652767183
22.415 1.30638871269
22.420 1.30624980988
22.425 1.30611096338
22.430 1.30597217316
22.435 1.30583343918
22.440 1.30569476143
22.445 1.30555613987
22.450 1.30541757448
22.455 1.30527906522
22.460 1.30514061207
22.465 1.305002215
22.470 1.30486387398
22.475 1.30472558899
22.480 1.30458735999
22.485 1.30444918696
22.490 1.30431106987
22.495 1.30417300869
22.500 1.30403500339
22.505 1.30389705395
22.510 1.30375916034
22.515 1.30362132252
22.520 1.30348354048
22.525 1.30334581418
22.530 1.30320814359
22.535 1.3030705287
22.540 1.30293296946
22.545 1.30279546585
22.550 1.30265801785
22.555 1.30252062543
22.560 1.30238328855
22.565 1.3022460072
22.570 1.30210878133
22.575 1.30197161094
22.580 1.30183449598
22.585 1.30169743643
22.590 1.30156043226
22.595 1.30142348345
22.600 1.30128658997
22.605 1.30114975178
22.610 1.30101296887
22.615 1.3008762412
22.620 1.30073956875
22.625 1.30060295149
22.630 1.30046638939
22.635 1.30032988242
22.640 1.30019343056
22.645 1.30005703378
22.650 1.29992069206
22.655 1.29978440536
22.660 1.29964817366
22.665 1.29951199692
22.670 1.29937587513
22.675 1.29923980826
22.680 1.29910379628
22.685 1.29896783915
22.690 1.29883193687
22.695 1.29869608938
22.700 1.29856029668
22.705 1.29842455873
22.710 1.29828887551
22.715 1.29815324699
22.720 1.29801767313
22.725 1.29788215392
22.730 1.29774668933
22.735 1.29761127933
22.740 1.29747592389
22.745 1.29734062299
22.750 1.2972053766
22.755 1.29707018469
22.760 1.29693504724
22.765 1.29679996422
22.770 1.29666493559
22.775 1.29652996135
22.780 1.29639504145
22.785 1.29626017587
22.790 1.29612536459
22.795 1.29599060758
22.800 1.2958559048
22.805 1.29572125624
22.810 1.29558666187
22.815 1.29545212166
22.820 1.29531763559
22.825 1.29518320362
22.830 1.29504882574
22.835 1.29491450191
22.840 1.29478023211
22.845 1.2946460163
22.850 1.29451185448
22.855 1.2943777466
22.860 1.29424369265
22.865 1.29410969259
22.870 1.2939757464
22.875 1.29384185405
22.880 1.29370801552
22.885 1.29357423078
22.890 1.29344049981
22.895 1.29330682257
22.900 1.29317319904
22.905 1.2930396292
22.910 1.29290611301
22.915 1.29277265046
22.920 1.29263924152
22.925 1.29250588615
22.930 1.29237258434
22.935 1.29223933606
22.940 1.29210614127
22.945 1.29197299997
22.950 1.29183991211
22.955 1.29170687767
22.960 1.29157389663
22.965 1.29144096897
22.970 1.29130809465
22.975 1.29117527364
22.980 1.29104250593
22.985 1.29090979149
22.990 1.29077713029
22.995 1.2906445223
23.000 1.29051196751
23.005 1.29037946587
23.010 1.29024701738
23.015 1.29011462199
23.020 1.28998227969
23.025 1.28984999046
23.030 1.28971775425
23.035 1.28958557106
23.040 1.28945344084
23.045 1.28932136359
23.050 1.28918933927
23.055 1.28905736785
23.060 1.28892544931
23.065 1.28879358363
23.070 1.28866177078
23.075 1.28853001072
23.080 1.28839830345
23.085 1.28826664893
23.090 1.28813504714
23.095 1.28800349804
23.100 1.28787200163
23.105 1.28774055786
23.110 1.28760916672
23.115 1.28747782818
23.120 1.28734654221
23.125 1.28721530879
23.130 1.28708412789
23.135 1.28695299949
23.140 1.28682192356
23.145 1.28669090009
23.150 1.28655992903
23.155 1.28642901037
23.160 1.28629814408
23.165 1.28616733013
23.170 1.28603656851
23.175 1.28590585918
23.180 1.28577520213
23.185 1.28564459732
23.190 1.28551404473
23.195 1.28538354433
23.200 1.2852530961
23.205 1.28512270002
23.210 1.28499235606
23.215 1.2848620642
23.220 1.2847318244
23.225 1.28460163665
23.230 1.28447150092
23.235 1.28434141718
23.240 1.28421138542
23.245 1.2840814056
23.250 1.2839514777
23.255 1.28382160169
23.260 1.28369177755
23.265 1.28356200527
23.270 1.2834322848
23.275 1.28330261612
23.280 1.28317299922
23.285 1.28304343407
23.290 1.28291392063
23.295 1.2827844589
23.300 1.28265504883
23.305 1.28252569042
23.310 1.28239638362
23.315 1.28226712843
23.320 1.28213792481
23.325 1.28200877273
23.330 1.28187967219
23.335 1.28175062314
23.340 1.28162162556
23.345 1.28149267944
23.350 1.28136378475
23.355 1.28123494145
23.360 1.28110614954
23.365 1.28097740897
23.370 1.28084871974
23.375 1.28072008181
23.380 1.28059149515
23.385 1.28046295976
23.390 1.28033447559
23.395 1.28020604263
23.400 1.28007766086
23.405 1.27994933024
23.410 1.27982105075
23.415 1.27969282238
23.420 1.27956464508
23.425 1.27943651885
23.430 1.27930844366
23.435 1.27918041948
23.440 1.27905244629
23.445 1.27892452406
23.450 1.27879665277
23.455 1.2786688324
23.460 1.27854106292
23.465 1.27841334431
23.470 1.27828567654
23.475 1.27815805959
23.480 1.27803049343
23.485 1.27790297805
23.490 1.27777551342
23.495 1.27764809951
23.500 1.2775207363
23.505 1.27739342376
23.510 1.27726616188
23.515 1.27713895062
23.520 1.27701178997
23.525 1.2768846799
23.530 1.27675762039
23.535 1.2766306114
23.540 1.27650365293
23.545 1.27637674494
23.550 1.27624988742
23.555 1.27612308033
23.560 1.27599632365
23.565 1.27586961737
23.570 1.27574296145
23.575 1.27561635587
23.580 1.27548980061
23.585 1.27536329565
23.590 1.27523684096
23.595 1.27511043652
23.600 1.2749840823
23.605 1.27485777829
23.610 1.27473152445
23.615 1.27460532077
23.620 1.27447916721
23.625 1.27435306377
23.630 1.2742270104
23.635 1.2741010071
23.640 1.27397505384
23.645 1.27384915058
23.650 1.27372329732
23.655 1.27359749402
23.660 1.27347174067
23.665 1.27334603724
23.670 1.2732203837
23.675 1.27309478004
23.680 1.27296922622
23.685 1.27284372224
23.690 1.27271826805
23.695 1.27259286365
23.700 1.272467509
23.705 1.27234220409
23.710 1.27221694889
23.715 1.27209174337
23.720 1.27196658752
23.725 1.27184148131
23.730 1.27171642472
23.735 1.27159141773
23.740 1.2714664603
23.745 1.27134155243
23.750 1.27121669407
23.755 1.27109188523
23.760 1.27096712586
23.765 1.27084241595
23.770 1.27071775547
23.775 1.2705931444
23.780 1.27046858273
23.785 1.27034407041
23.790 1.27021960744
23.795 1.27009519379
23.800 1.26997082943
23.805 1.26984651435
23.810 1.26972224852
23.815 1.26959803191
23.820 1.26947386452
23.825 1.2693497463
23.830 1.26922567724
23.835 1.26910165732
23.840 1.26897768652
23.845 1.2688537648
23.850 1.26872989215
23.855 1.26860606855
23.860 1.26848229398
23.865 1.2683585684
23.870 1.2682348918
23.875 1.26811126416
23.880 1.26798768545
23.885 1.26786415565
23.890 1.26774067474
23.895 1.2676172427
23.900 1.26749385949
23.905 1.26737052511
23.910 1.26724723953
23.915 1.26712400272
23.920 1.26700081466
23.925 1.26687767533
23.930 1.26675458471
23.935 1.26663154278
23.940 1.26650854951
23.945 1.26638560488
23.950 1.26626270887
23.955 1.26613986146
23.960 1.26601706262
23.965 1.26589431233
23.970 1.26577161058
23.975 1.26564895732
23.980 1.26552635256
23.985 1.26540379625
23.990 1.26528128839
23.995 1.26515882895
24.000 1.2650364179
24.005 1.26491405522
24.010 1.2647917409
24.015 1.26466947491
24.020 1.26454725722
24.025 1.26442508782
24.030 1.26430296669
24.035 1.26418089379
24.040 1.26405886912
24.045 1.26393689264
24.050 1.26381496433
24.055 1.26369308418
24.060 1.26357125217
24.065 1.26344946826
24.070 1.26332773244
24.075 1.26320604468
24.080 1.26308440497
24.085 1.26296281328
24.090 1.26284126959
24.095 1.26271977388
24.100 1.26259832612
24.105 1.2624769263
24.110 1.26235557439
24.115 1.26223427037
24.120 1.26211301423
24.125 1.26199180593
24.130 1.26187064545
24.135 1.26174953278
24.140 1.26162846789
24.145 1.26150745076
24.150 1.26138648137
24.155 1.2612655597
24.160 1.26114468572
24.165 1.26102385942
24.170 1.26090308076
24.175 1.26078234974
24.180 1.26066166633
24.185 1.26054103051
24.190 1.26042044225
24.195 1.26029990154
24.200 1.26017940835
24.205 1.26005896266
24.210 1.25993856445
24.215 1.2598182137
24.220 1.25969791039
24.225 1.2595776545
24.230 1.25945744599
24.235 1.25933728487
24.240 1.25921717109
24.245 1.25909710464
24.250 1.2589770855
24.255 1.25885711365
24.260 1.25873718907
24.265 1.25861731173
24.270 1.25849748161
24.275 1.2583776987
24.280 1.25825796297
24.285 1.2581382744
24.290 1.25801863296
24.295 1.25789903865
24.300 1.25777949143
24.305 1.25765999129
24.310 1.2575405382
24.315 1.25742113214
24.320 1.25730177309
24.325 1.25718246104
24.330 1.25706319596
24.335 1.25694397782
24.340 1.25682480661
24.345 1.25670568231
24.350 1.2565866049
24.355 1.25646757434
24.360 1.25634859064
24.365 1.25622965375
24.370 1.25611076367
24.375 1.25599192036
24.380 1.25587312382
24.385 1.25575437401
24.390 1.25563567093
24.395 1.25551701454
24.400 1.25539840482
24.405 1.25527984177
24.410 1.25516132534
24.415 1.25504285553
24.420 1.25492443232
24.425 1.25480605567
24.430 1.25468772558
24.435 1.25456944201
24.440 1.25445120496
24.445 1.2543330144
24.450 1.2542148703
24.455 1.25409677265
24.460 1.25397872143
24.465 1.25386071662
24.470 1.25374275819
24.475 1.25362484613
24.480 1.25350698041
24.485 1.25338916101
24.490 1.25327138792
24.495 1.25315366111
24.500 1.25303598057
24.505 1.25291834626
24.510 1.25280075818
24.515 1.2526832163
24.520 1.25256572059
24.525 1.25244827105
24.530 1.25233086765
24.535 1.25221351036
24.540 1.25209619918
24.545 1.25197893407
24.550 1.25186171502
24.555 1.25174454201
24.560 1.25162741501
24.565 1.25151033401
24.570 1.25139329899
24.575 1.25127630992
24.580 1.25115936679
24.585 1.25104246957
24.590 1.25092561825
24.595 1.2508088128
24.600 1.25069205321
24.605 1.25057533945
24.610 1.25045867151
24.615 1.25034204936
24.620 1.25022547299
24.625 1.25010894236
24.630 1.24999245747
24.635 1.2498760183
24.640 1.24975962482
24.645 1.24964327701
24.650 1.24952697485
24.655 1.24941071833
24.660 1.24929450742
24.665 1.2491783421
24.670 1.24906222236
24.675 1.24894614816
24.680 1.24883011951
24.685 1.24871413636
24.690 1.24859819871
24.695 1.24848230652
24.700 1.2483664598
24.705 1.2482506585
24.710 1.24813490262
24.715 1.24801919213
24.720 1.24790352702
24.725 1.24778790726
24.730 1.24767233283
24.735 1.24755680372
24.740 1.2474413199
24.745 1.24732588135
24.750 1.24721048806
24.755 1.24709514
24.760 1.24697983716
24.765 1.24686457951
24.770 1.24674936704
24.775 1.24663419973
24.780 1.24651907755
24.785 1.24640400048
24.790 1.24628896852
24.795 1.24617398163
24.800 1.24605903979
24.805 1.245944143
24.810 1.24582929122
24.815 1.24571448445
24.820 1.24559972265
24.825 1.24548500581
24.830 1.24537033391
24.835 1.24525570693
24.840 1.24514112485
24.845 1.24502658765
24.850 1.24491209531
24.855 1.24479764782
24.860 1.24468324515
24.865 1.24456888728
24.870 1.2444545742
24.875 1.24434030588
24.880 1.2442260823
24.885 1.24411190346
24.890 1.24399776931
24.895 1.24388367986
24.900 1.24376963507
24.905 1.24365563493
24.910 1.24354167942
24.915 1.24342776852
24.920 1.24331390221
24.925 1.24320008047
24.930 1.24308630328
24.935 1.24297257063
24.940 1.24285888249
24.945 1.24274523884
24.950 1.24263163967
24.955 1.24251808495
24.960 1.24240457467
24.965 1.24229110881
24.970 1.24217768734
24.975 1.24206431026
24.980 1.24195097753
24.985 1.24183768915
24.990 1.24172444508
24.995 1.24161124532
25.000 1.24149808985
25.005 1.24136265297
25.010 1.24122726722
25.015 1.24109193257
25.020 1.24095664899
25.025 1.24082141647
25.030 1.24068623499
25.035 1.24055110451
25.040 1.24041602501
25.045 1.24028099649
25.050 1.2401460189
25.055 1.24001109223
25.060 1.23987621646
25.065 1.23974139156
25.070 1.23960661751
25.075 1.23947189429
25.080 1.23933722188
25.085 1.23920260025
25.090 1.23906802939
25.095 1.23893350926
25.100 1.23879903984
25.105 1.23866462113
25.110 1.23853025308
25.115 1.23839593568
25.120 1.23826166891
25.125 1.23812745274
25.130 1.23799328716
25.135 1.23785917213
25.140 1.23772510764
25.145 1.23759109367
25.150 1.23745713019
25.155 1.23732321718
25.160 1.23718935462
25.165 1.23705554249
25.170 1.23692178076
25.175 1.23678806941
25.180 1.23665440842
25.185 1.23652079776
25.190 1.23638723743
25.195 1.23625372738
25.200 1.23612026761
25.205 1.23598685809
25.210 1.23585349879
25.215 1.2357201897
25.220 1.23558693079
25.225 1.23545372204
25.230 1.23532056343
25.235 1.23518745493
25.240 1.23505439653
25.245 1.23492138821
25.250 1.23478842993
25.255 1.23465552168
25.260 1.23452266344
25.265 1.23438985519
25.270 1.23425709689
25.275 1.23412438854
25.280 1.23399173011
25.285 1.23385912158
25.290 1.23372656292
25.295 1.23359405411
25.300 1.23346159514
25.305 1.23332918598
25.310 1.23319682661
25.315 1.233064517
25.320 1.23293225714
25.325 1.232800047
25.330 1.23266788656
25.335 1.2325357758
25.340 1.2324037147
25.345 1.23227170324
25.350 1.23213974139
25.355 1.23200782914
25.360 1.23187596646
25.365 1.23174415333
25.370 1.23161238972
25.375 1.23148067563
25.380 1.23134901101
25.385 1.23121739587
25.390 1.23108583016
25.395 1.23095431388
25.400 1.23082284699
25.405 1.23069142949
25.410 1.23056006134
25.415 1.23042874252
25.420 1.23029747302
25.425 1.23016625281
25.430 1.23003508187
25.435 1.22990396018
25.440 1.22977288772
25.445 1.22964186447
25.450 1.2295108904
25.455 1.22937996549
25.460 1.22924908973
25.465 1.22911826309
25.470 1.22898748555
25.475 1.22885675709
25.480 1.22872607769
25.485 1.22859544732
25.490 1.22846486597
25.495 1.22833433361
25.500 1.22820385023
25.505 1.22807341579
25.510 1.22794303029
25.515 1.2278126937
25.520 1.22768240599
25.525 1.22755216716
25.530 1.22742197717
25.535 1.227291836
25.540 1.22716174364
25.545 1.22703170006
25.550 1.22690170524
25.555 1.22677175917
25.560 1.22664186181
25.565 1.22651201316
25.570 1.22638221318
25.575 1.22625246186
25.580 1.22612275917
25.585 1.2259931051
25.590 1.22586349963
25.595 1.22573394272
25.600 1.22560443437
25.605 1.22547497456
25.610 1.22534556325
25.615 1.22521620043
25.620 1.22508688608
25.625 1.22495762018
25.630 1.22482840271
25.635 1.22469923365
25.640 1.22457011297
25.645 1.22444104065
25.650 1.22431201669
25.655 1.22418304104
25.660 1.2240541137
25.665 1.22392523464
25.670 1.22379640384
25.675 1.22366762128
25.680 1.22353888695
25.685 1.22341020081
25.690 1.22328156286
25.695 1.22315297306
25.700 1.2230244314
25.705 1.22289593786
25.710 1.22276749241
25.715 1.22263909504
25.720 1.22251074573
25.725 1.22238244445
25.730 1.22225419119
25.735 1.22212598592
25.740 1.22199782863
25.745 1.22186971929
25.750 1.22174165788
25.755 1.22161364438
25.760 1.22148567878
25.765 1.22135776105
25.770 1.22122989117
25.775 1.22110206913
25.780 1.22097429489
25.785 1.22084656844
25.790 1.22071888977
25.795 1.22059125884
25.800 1.22046367564
25.805 1.22033614016
25.810 1.22020865236
25.815 1.22008121223
25.820 1.21995381975
25.825 1.2198264749
25.830 1.21969917765
25.835 1.219571928
25.840 1.21944472591
25.845 1.21931757137
25.850 1.21919046435
25.855 1.21906340485
25.860 1.21893639283
25.865 1.21880942828
25.870 1.21868251117
25.875 1.2185556415
25.880 1.21842881923
25.885 1.21830204434
25.890 1.21817531683
25.895 1.21804863666
25.900 1.21792200381
25.905 1.21779541828
25.910 1.21766888003
25.915 1.21754238904
25.920 1.21741594531
25.925 1.2172895488
25.930 1.2171631995
25.935 1.21703689738
25.940 1.21691064244
25.945 1.21678443464
25.950 1.21665827397
25.955 1.2165321604
25.960 1.21640609393
25.965 1.21628007452
25.970 1.21615410216
25.975 1.21602817683
25.980 1.2159022985
25.985 1.21577646717
25.990 1.21565068281
25.995 1.21552494539
26.000 1.21539925491
26.005 1.21527361133
26.010 1.21514801465
26.015 1.21502246483
26.020 1.21489696187
26.025 1.21477150574
26.030 1.21464609642
26.035 1.21452073389
26.040 1.21439541813
26.045 1.21427014913
26.050 1.21414492686
26.055 1.21401975131
26.060 1.21389462244
26.065 1.21376954026
26.070 1.21364450473
26.075 1.21351951583
26.080 1.21339457355
26.085 1.21326967787
26.090 1.21314482876
26.095 1.21302002621
26.100 1.2128952702
26.105 1.21277056071
26.110 1.21264589772
26.115 1.21252128121
26.120 1.21239671116
26.125 1.21227218755
26.130 1.21214771036
26.135 1.21202327957
26.140 1.21189889517
26.145 1.21177455713
26.150 1.21165026544
26.155 1.21152602007
26.160 1.21140182101
26.165 1.21127766823
26.170 1.21115356172
26.175 1.21102950146
26.180 1.21090548743
26.185 1.21078151961
26.190 1.21065759798
26.195 1.21053372252
26.200 1.21040989322
26.205 1.21028611004
26.210 1.21016237298
26.215 1.21003868202
26.220 1.20991503713
26.225 1.2097914383
26.230 1.2096678855
26.235 1.20954437873
26.240 1.20942091795
26.245 1.20929750315
26.250 1.20917413432
26.255 1.20905081142
26.260 1.20892753445
26.265 1.20880430339
26.270 1.20868111821
26.275 1.2085579789
26.280 1.20843488543
26.285 1.20831183779
26.290 1.20818883596
26.295 1.20806587993
26.300 1.20794296966
26.305 1.20782010515
26.310 1.20769728637
26.315 1.2075745133
26.320 1.20745178594
26.325 1.20732910424
26.330 1.20720646821
26.335 1.20708387782
26.340 1.20696133305
26.345 1.20683883388
26.350 1.20671638029
26.355 1.20659397227
26.360 1.2064716098
26.365 1.20634929285
26.370 1.20622702141
26.375 1.20610479546
26.380 1.20598261498
26.385 1.20586047996
26.390 1.20573839037
26.395 1.20561634619
26.400 1.20549434741
26.405 1.205372394
26.410 1.20525048596
26.415 1.20512862326
26.420 1.20500680588
26.425 1.2048850338
26.430 1.20476330701
26.435 1.20464162548
26.440 1.2045199892
26.445 1.20439839815
26.450 1.20427685232
26.455 1.20415535167
26.460 1.2040338962
26.465 1.20391248588
26.470 1.2037911207
26.475 1.20366980064
26.480 1.20354852568
26.485 1.2034272958
26.490 1.20330611098
26.495 1.20318497121
26.500 1.20306387647
26.505 1.20294282673
26.510 1.20282182198
26.515 1.2027008622
26.520 1.20257994738
26.525 1.20245907749
26.530 1.20233825252
26.535 1.20221747245
26.540 1.20209673726
26.545 1.20197604692
26.550 1.20185540143
26.555 1.20173480077
26.560 1.20161424492
26.565 1.20149373385
26.570 1.20137326755
26.575 1.20125284601
26.580 1.2011324692
26.585 1.2010121371
26.590 1.2008918497
26.595 1.20077160699
26.600 1.20065140893
26.605 1.20053125552
26.610 1.20041114673
26.615 1.20029108255
26.620 1.20017106296
26.625 1.20005108795
26.630 1.19993115748
26.635 1.19981127155
26.640 1.19969143014
26.645 1.19957163322
26.650 1.19945188079
26.655 1.19933217282
26.660 1.19921250929
26.665 1.1990928902
26.670 1.19897331551
26.675 1.19885378521
26.680 1.19873429929
26.685 1.19861485772
26.690 1.19849546049
26.695 1.19837610758
26.700 1.19825679897
26.705 1.19813753464
26.710 1.19801831458
26.715 1.19789913877
26.720 1.19778000719
26.725 1.19766091983
26.730 1.19754187665
26.735 1.19742287766
26.740 1.19730392282
26.745 1.19718501213
26.750 1.19706614556
26.755 1.19694732309
26.760 1.19682854472
26.765 1.19670981041
26.770 1.19659112016
26.775 1.19647247394
26.780 1.19635387174
26.785 1.19623531354
26.790 1.19611679932
26.795 1.19599832907
26.800 1.19587990277
26.805 1.19576152039
26.810 1.19564318193
26.815 1.19552488736
26.820 1.19540663666
26.825 1.19528842983
26.830 1.19517026684
26.835 1.19505214767
26.840 1.19493407231
26.845 1.19481604073
26.850 1.19469805293
26.855 1.19458010889
26.860 1.19446220858
26.865 1.19434435198
26.870 1.19422653909
26.875 1.19410876989
26.880 1.19399104435
26.885 1.19387336246
26.890 1.1937557242
26.895 1.19363812956
26.900 1.19352057852
26.905 1.19340307105
26.910 1.19328560715
26.915 1.19316818679
26.920 1.19305080996
26.925 1.19293347664
26.930 1.19281618681
26.935 1.19269894046
26.940 1.19258173757
26.945 1.19246457812
26.950 1.19234746209
26.955 1.19223038947
26.960 1.19211336024
26.965 1.19199637439
26.970 1.19187943189
26.975 1.19176253272
26.980 1.19164567688
26.985 1.19152886434
26.990 1.19141209509
26.995 1.1912953691
27.000 1.19117868637
27.005 1.19106204687
27.010 1.1909454506
27.015 1.19082889752
27.020 1.19071238762
27.025 1.1905959209
27.030 1.19047949732
27.035 1.19036311687
27.040 1.19024677955
27.045 1.19013048531
27.050 1.19001423417
27.055 1.18989802608
27.060 1.18978186104
27.065 1.18966573904
27.070 1.18954966004
27.075 1.18943362405
27.080 1.18931763103
27.085 1.18920168098
27.090 1.18908577387
27.095 1.18896990969
27.100 1.18885408842
27.105 1.18873831005
27.110 1.18862257455
27.115 1.18850688192
27.120 1.18839123213
27.125 1.18827562517
27.130 1.18816006102
27.135 1.18804453967
27.140 1.18792906109
27.145 1.18781362527
27.150 1.1876982322
27.155 1.18758288185
27.160 1.18746757421
27.165 1.18735230927
27.170 1.187237087
27.175 1.18712190739
27.180 1.18700677043
27.185 1.18689167609
27.190 1.18677662436
27.195 1.18666161523
27.200 1.18654664867
27.205 1.18643172467
27.210 1.18631684321
27.215 1.18620200428
27.220 1.18608720786
27.225 1.18597245394
27.230 1.18585774249
27.235 1.1857430735
27.240 1.18562844695
27.245 1.18551386283
27.250 1.18539932113
27.255 1.18528482181
27.260 1.18517036487
27.265 1.1850559503
27.270 1.18494157806
27.275 1.18482724816
27.280 1.18471296057
27.285 1.18459871527
27.290 1.18448451225
27.295 1.18437035149
27.300 1.18425623298
27.305 1.1841421567
27.310 1.18402812263
27.315 1.18391413075
27.320 1.18380018106
27.325 1.18368627353
27.330 1.18357240814
27.335 1.18345858489
27.340 1.18334480375
27.345 1.18323106471
27.350 1.18311736776
27.355 1.18300371286
27.360 1.18289010002
27.365 1.18277652921
27.370 1.18266300041
27.375 1.18254951362
27.380 1.18243606881
27.385 1.18232266597
27.390 1.18220930508
27.395 1.18209598612
27.400 1.18198270909
27.405 1.18186947395
27.410 1.18175628071
27.415 1.18164312933
27.420 1.18153001981
27.425 1.18141695213
27.430 1.18130392627
27.435 1.18119094221
27.440 1.18107799995
27.445 1.18096509946
27.450 1.18085224072
27.455 1.18073942373
27.460 1.18062664846
27.465 1.18051391491
27.470 1.18040122304
27.475 1.18028857286
27.480 1.18017596433
27.485 1.18006339745
27.490 1.1799508722
27.495 1.17983838857
27.500 1.17972594653
27.505 1.17961354607
27.510 1.17950118717
27.515 1.17938886983
27.520 1.17927659402
27.525 1.17916435973
27.530 1.17905216694
27.535 1.17894001563
27.540 1.1788279058
27.545 1.17871583741
27.550 1.17860381047
27.555 1.17849182495
27.560 1.17837988083
27.565 1.17826797811
27.570 1.17815611676
27.575 1.17804429677
27.580 1.17793251812
27.585 1.1778207808
27.590 1.17770908479
27.595 1.17759743007
27.600 1.17748581664
27.605 1.17737424447
27.610 1.17726271354
27.615 1.17715122386
27.620 1.17703977538
27.625 1.17692836811
27.630 1.17681700202
27.635 1.17670567711
27.640 1.17659439335
27.645 1.17648315072
27.650 1.17637194922
27.655 1.17626078883
27.660 1.17614966952
27.665 1.1760385913
27.670 1.17592755413
27.675 1.17581655801
27.680 1.17570560292
27.685 1.17559468884
27.690 1.17548381575
27.695 1.17537298365
27.700 1.17526219252
27.705 1.17515144234
27.710 1.17504073309
27.715 1.17493006477
27.720 1.17481943735
27.725 1.17470885081
27.730 1.17459830516
27.735 1.17448780036
27.740 1.1743773364
27.745 1.17426691327
27.750 1.17415653095
27.755 1.17404618943
27.760 1.17393588868
27.765 1.17382562871
27.770 1.17371540948
27.775 1.17360523099
27.780 1.17349509322
27.785 1.17338499615
27.790 1.17327493977
27.795 1.17316492407
27.800 1.17305494902
27.805 1.17294501461
27.810 1.17283512084
27.815 1.17272526767
27.820 1.1726154551
27.825 1.17250568311
27.830 1.17239595169
27.835 1.17228626082
27.840 1.17217661048
27.845 1.17206700067
27.850 1.17195743136
27.855 1.17184790254
27.860 1.17173841419
27.865 1.1716289663
27.870 1.17151955886
27.875 1.17141019185
27.880 1.17130086525
27.885 1.17119157905
27.890 1.17108233323
27.895 1.17097312778
27.900 1.17086396269
27.905 1.17075483793
27.910 1.1706457535
27.915 1.17053670937
27.920 1.17042770554
27.925 1.17031874198
27.930 1.17020981869
27.935 1.17010093565
27.940 1.16999209283
27.945 1.16988329024
27.950 1.16977452785
27.955 1.16966580564
27.960 1.16955712361
27.965 1.16944848174
27.970 1.16933988
27.975 1.1692313184
27.980 1.16912279691
27.985 1.16901431551
27.990 1.1689058742
27.995 1.16879747296
28.000 1.16868911177
28.005 1.16858079062
28.010 1.16847250949
28.015 1.16836426837
28.020 1.16825606724
28.025 1.16814790609
28.030 1.1680397849
28.035 1.16793170367
28.040 1.16782366236
28.045 1.16771566098
28.050 1.1676076995
28.055 1.16749977791
28.060 1.16739189619
28.065 1.16728405434
28.070 1.16717625232
28.075 1.16706849014
28.080 1.16696076778
28.085 1.16685308521
28.090 1.16674544243
28.095 1.16663783943
28.100 1.16653027617
28.105 1.16642275267
28.110 1.16631526888
28.115 1.16620782481
28.120 1.16610042044
28.125 1.16599305575
28.130 1.16588573073
28.135 1.16577844537
28.140 1.16567119964
28.145 1.16556399354
28.150 1.16545682704
28.155 1.16534970015
28.160 1.16524261283
28.165 1.16513556508
28.170 1.16502855688
28.175 1.16492158822
28.180 1.16481465908
28.185 1.16470776944
28.190 1.16460091931
28.195 1.16449410865
28.200 1.16438733745
28.205 1.1642806057
28.210 1.16417391339
28.215 1.1640672605
28.220 1.16396064702
28.225 1.16385407293
28.230 1.16374753821
28.235 1.16364104286
28.240 1.16353458686
28.245 1.16342817019
28.250 1.16332179284
28.255 1.16321545479
28.260 1.16310915604
28.265 1.16300289656
28.270 1.16289667635
28.275 1.16279049538
28.280 1.16268435365
28.285 1.16257825113
28.290 1.16247218782
28.295 1.1623661637
28.300 1.16226017876
28.305 1.16215423297
28.310 1.16204832634
28.315 1.16194245884
28.320 1.16183663045
28.325 1.16173084117
28.330 1.16162509099
28.335 1.16151937987
28.340 1.16141370782
28.345 1.16130807482
28.350 1.16120248085
28.355 1.1610969259
28.360 1.16099140995
28.365 1.16088593299
28.370 1.16078049502
28.375 1.160675096
28.380 1.16056973593
28.385 1.1604644148
28.390 1.16035913258
28.395 1.16025388927
28.400 1.16014868485
28.405 1.16004351931
28.410 1.15993839264
28.415 1.15983330481
28.420 1.15972825582
28.425 1.15962324565
28.430 1.15951827428
28.435 1.15941334171
28.440 1.15930844792
28.445 1.15920359289
28.450 1.15909877661
28.455 1.15899399907
28.460 1.15888926026
28.465 1.15878456015
28.470 1.15867989874
28.475 1.158575276
28.480 1.15847069194
28.485 1.15836614653
28.490 1.15826163975
28.495 1.1581571716
28.500 1.15805274207
28.505 1.15794835113
28.510 1.15784399877
28.515 1.15773968498
28.520 1.15763540975
28.525 1.15753117306
28.530 1.15742697489
28.535 1.15732281524
28.540 1.15721869409
28.545 1.15711461143
28.550 1.15701056724
28.555 1.15690656151
28.560 1.15680259422
28.565 1.15669866536
28.570 1.15659477492
28.575 1.15649092288
28.580 1.15638710924
28.585 1.15628333397
28.590 1.15617959706
28.595 1.15607589849
28.600 1.15597223827
28.605 1.15586861636
28.610 1.15576503276
28.615 1.15566148745
28.620 1.15555798042
28.625 1.15545451166
28.630 1.15535108115
28.635 1.15524768888
28.640 1.15514433484
28.645 1.155041019
28.650 1.15493774136
28.655 1.15483450191
28.660 1.15473130063
28.665 1.1546281375
28.670 1.15452501252
28.675 1.15442192566
28.680 1.15431887692
28.685 1.15421586629
28.690 1.15411289374
28.695 1.15400995926
28.700 1.15390706285
28.705 1.15380420449
28.710 1.15370138416
28.715 1.15359860185
28.720 1.15349585755
28.725 1.15339315124
28.730 1.15329048292
28.735 1.15318785255
28.740 1.15308526015
28.745 1.15298270568
28.750 1.15288018914
28.755 1.15277771051
28.760 1.15267526978
28.765 1.15257286694
28.770 1.15247050197
28.775 1.15236817486
28.780 1.1522658856
28.785 1.15216363417
28.790 1.15206142055
28.795 1.15195924474
28.800 1.15185710673
28.805 1.15175500649
28.810 1.15165294402
28.815 1.1515509193
28.820 1.15144893232
28.825 1.15134698307
28.830 1.15124507153
28.835 1.15114319768
28.840 1.15104136153
28.845 1.15093956304
28.850 1.15083780221
28.855 1.15073607903
28.860 1.15063439349
28.865 1.15053274556
28.870 1.15043113523
28.875 1.1503295625
28.880 1.15022802735
28.885 1.15012652977
28.890 1.15002506974
28.895 1.14992364725
28.900 1.14982226228
28.905 1.14972091483
28.910 1.14961960488
28.915 1.14951833242
28.920 1.14941709743
28.925 1.1493158999
28.930 1.14921473982
28.935 1.14911361717
28.940 1.14901253195
28.945 1.14891148413
28.950 1.14881047371
28.955 1.14870950067
28.960 1.148608565
28.965 1.14850766668
28.970 1.14840680571
28.975 1.14830598207
28.980 1.14820519575
28.985 1.14810444673
28.990 1.148003735
28.995 1.14790306055
29.000 1.14780242336
29.005 1.14770182342
29.010 1.14760126073
29.015 1.14750073526
29.020 1.147400247
29.025 1.14729979594
29.030 1.14719938207
29.035 1.14709900537
29.040 1.14699866583
29.045 1.14689836344
29.050 1.14679809819
29.055 1.14669787006
29.060 1.14659767904
29.065 1.14649752511
29.070 1.14639740827
29.075 1.1462973285
29.080 1.14619728578
29.085 1.14609728012
29.090 1.14599731148
29.095 1.14589737986
29.100 1.14579748525
29.105 1.14569762763
29.110 1.145597807
29.115 1.14549802333
29.120 1.14539827661
29.125 1.14529856684
29.130 1.145198894
29.135 1.14509925807
29.140 1.14499965905
29.145 1.14490009692
29.150 1.14480057167
29.155 1.14470108328
29.160 1.14460163175
29.165 1.14450221706
29.170 1.14440283919
29.175 1.14430349814
29.180 1.14420419389
29.185 1.14410492644
29.190 1.14400569575
29.195 1.14390650184
29.200 1.14380734467
29.205 1.14370822424
29.210 1.14360914054
29.215 1.14351009355
29.220 1.14341108327
29.225 1.14331210967
29.230 1.14321317275
29.235 1.14311427249
29.240 1.14301540888
29.245 1.14291658191
29.250 1.14281779156
29.255 1.14271903783
29.260 1.14262032069
29.265 1.14252164015
29.270 1.14242299618
29.275 1.14232438877
29.280 1.14222581791
29.285 1.14212728359
29.290 1.1420287858
29.295 1.14193032452
29.300 1.14183189973
29.305 1.14173351144
29.310 1.14163515962
29.315 1.14153684426
29.320 1.14143856536
29.325 1.14134032289
29.330 1.14124211684
29.335 1.14114394721
29.340 1.14104581398
29.345 1.14094771714
29.350 1.14084965667
29.355 1.14075163257
29.360 1.14065364482
29.365 1.1405556934
29.370 1.14045777832
29.375 1.14035989954
29.380 1.14026205707
29.385 1.14016425088
29.390 1.14006648098
29.395 1.13996874734
29.400 1.13987104994
29.405 1.13977338879
29.410 1.13967576387
29.415 1.13957817516
29.420 1.13948062266
29.425 1.13938310634
29.430 1.1392856262
29.435 1.13918818223
29.440 1.13909077442
29.445 1.13899340274
29.450 1.1388960672
29.455 1.13879876777
29.460 1.13870150444
29.465 1.13860427721
29.470 1.13850708606
29.475 1.13840993098
29.480 1.13831281195
29.485 1.13821572897
29.490 1.13811868202
29.495 1.13802167109
29.500 1.13792469617
29.505 1.13782775724
29.510 1.13773085429
29.515 1.13763398732
29.520 1.1375371563
29.525 1.13744036123
29.530 1.1373436021
29.535 1.13724687889
29.540 1.13715019159
29.545 1.13705354019
29.550 1.13695692467
29.555 1.13686034503
29.560 1.13676380125
29.565 1.13666729332
29.570 1.13657082123
29.575 1.13647438497
29.580 1.13637798452
29.585 1.13628161987
29.590 1.13618529101
29.595 1.13608899793
29.600 1.13599274061
29.605 1.13589651905
29.610 1.13580033324
29.615 1.13570418315
29.620 1.13560806878
29.625 1.13551199012
29.630 1.13541594715
29.635 1.13531993986
29.640 1.13522396825
29.645 1.13512803229
29.650 1.13503213198
29.655 1.1349362673
29.660 1.13484043825
29.665 1.13474464481
29.670 1.13464888697
29.675 1.13455316471
29.680 1.13445747803
29.685 1.13436182692
29.690 1.13426621135
29.695 1.13417063133
29.700 1.13407508683
29.705 1.13397957785
29.710 1.13388410437
29.715 1.13378866639
29.720 1.13369326389
29.725 1.13359789686
29.730 1.13350256528
29.735 1.13340726915
29.740 1.13331200846
29.745 1.13321678318
29.750 1.13312159332
29.755 1.13302643885
29.760 1.13293131977
29.765 1.13283623607
29.770 1.13274118773
29.775 1.13264617474
29.780 1.1325511971
29.785 1.13245625478
29.790 1.13236134777
29.795 1.13226647608
29.800 1.13217163967
29.805 1.13207683855
29.810 1.13198207269
29.815 1.1318873421
29.820 1.13179264675
29.825 1.13169798664
29.830 1.13160336175
29.835 1.13150877207
29.840 1.1314142176
29.845 1.13131969831
29.850 1.1312252142
29.855 1.13113076525
29.860 1.13103635146
29.865 1.13094197281
29.870 1.13084762929
29.875 1.13075332089
29.880 1.1306590476
29.885 1.13056480941
29.890 1.1304706063
29.895 1.13037643826
29.900 1.13028230529
29.905 1.13018820736
29.910 1.13009414447
29.915 1.13000011662
29.920 1.12990612377
29.925 1.12981216593
29.930 1.12971824309
29.935 1.12962435522
29.940 1.12953050233
29.945 1.12943668439
29.950 1.12934290141
29.955 1.12924915335
29.960 1.12915544022
29.965 1.12906176201
29.970 1.12896811869
29.975 1.12887451027
29.980 1.12878093672
29.985 1.12868739805
29.990 1.12859389422
29.995 1.12850042525
