0.500 2.58106423038
0.505 2.56960513695
0.510 2.55842269573
0.515 2.54750731554
0.520 2.53684990174
0.525 2.52644182302
0.530 2.51627488104
0.535 2.50634128243
0.540 2.496633613
0.545 2.487144814
0.550 2.47786816023
0.555 2.46879723973
0.560 2.45992593508
0.565 2.45124840595
0.570 2.4427590731
0.575 2.43445260331
0.580 2.42632389557
0.585 2.41836806809
0.590 2.41058044628
0.595 2.4029565515
0.600 2.39549209061
0.605 2.38557763193
0.610 2.37582438916
0.615 2.36622810105
0.620 2.3567846702
0.625 2.34749015493
0.630 2.33834076148
0.635 2.3293328368
0.640 2.32046286177
0.645 2.31172744472
0.650 2.30312331548
0.655 2.29464731968
0.660 2.28629641339
0.665 2.27806765808
0.670 2.26995821588
0.675 2.26196534506
0.680 2.25408639579
0.685 2.24631880614
0.690 2.23866009826
0.695 2.2311078748
0.700 2.22365981548
0.705 2.21726410665
0.710 2.21096407137
0.715 2.2047577177
0.720 2.19864311584
0.725 2.19261839562
0.730 2.1866817441
0.735 2.18083140333
0.740 2.1750656682
0.745 2.1693828844
0.750 2.16378144644
0.755 2.15825979585
0.760 2.15281641935
0.765 2.14744984722
0.770 2.14215865165
0.775 2.13694144523
0.780 2.13179687948
0.785 2.12672364344
0.790 2.12172046235
0.795 2.11678609635
0.800 2.11191933931
0.805 2.10631626651
0.810 2.10077950155
0.815 2.09530786504
0.820 2.0899002081
0.825 2.08455541134
0.830 2.0792723839
0.835 2.07405006246
0.840 2.0688874104
0.845 2.06378341686
0.850 2.05873709597
0.855 2.053747486
0.860 2.04881364863
0.865 2.04393466818
0.870 2.03910965092
0.875 2.03433772439
0.880 2.02961803672
0.885 2.02494975605
0.890 2.02033206985
0.895 2.01576418441
0.900 2.01124532421
0.905 2.0057567468
0.910 2.00031927483
0.915 1.99493211696
0.920 1.98959449933
0.925 1.98430566509
0.930 1.97906487387
0.935 1.97387140135
0.940 1.96872453878
0.945 1.96362359258
0.950 1.95856788385
0.955 1.95355674804
0.960 1.94858953451
0.965 1.94366560617
0.970 1.93878433908
0.975 1.93394512214
0.980 1.92914735673
0.985 1.92439045637
0.990 1.91967384639
0.995 1.91499696364
1.000 1.91035925621
1.005 1.91456226957
1.010 1.91871621227
1.015 1.92282201504
1.020 1.92688058427
1.025 1.93089280286
1.030 1.93485953101
1.035 1.93878160693
1.040 1.94265984761
1.045 1.94649504948
1.050 1.95028798908
1.055 2.08235812892
1.060 2.20538524893
1.065 2.20379279188
1.070 2.20221669684
1.075 2.19502292303
1.080 2.18787557776
1.085 2.18333853871
1.090 2.17883655204
1.095 2.16736219847
1.100 2.15593517108
1.105 2.13631412613
1.110 2.11669413848
1.115 2.09707260124
1.120 2.07744686021
1.125 2.05781421038
1.130 2.03817189218
1.135 2.01851708746
1.140 1.99884691533
1.145 1.97915842763
1.150 1.95944860419
1.155 1.93971434775
1.160 1.91995247853
1.165 1.90015972844
1.170 1.88033273484
1.175 1.86046803395
1.180 1.84056205362
1.185 1.82061110573
1.190 1.80061137783
1.195 1.78055892424
1.200 1.76044965638
1.205 1.75526310718
1.210 1.75010570853
1.215 1.74497713567
1.220 1.73987706887
1.225 1.73480519328
1.230 1.72976119885
1.235 1.72474478025
1.240 1.71975563676
1.245 1.71479347219
1.250 1.70985799476
1.255 1.70688623549
1.260 1.70393416742
1.265 1.69983346411
1.270 1.69575639228
1.275 1.73078420282
1.280 1.7648541799
1.285 1.87252509346
1.290 1.97357004009
1.295 1.97931190455
1.300 1.98499493528
1.305 1.98236498509
1.310 1.97975293027
1.315 1.98016907769
1.320 1.98058341833
1.325 1.97581458231
1.330 1.9710712526
1.335 1.95502511244
1.340 1.93896758885
1.345 1.86714282211
1.350 1.79300247649
1.355 1.77711005228
1.360 1.7611925496
1.365 1.74524791656
1.370 1.72927404552
1.375 1.71326876976
1.380 1.69722985988
1.385 1.68115501998
1.390 1.66504188361
1.395 1.64888800938
1.400 1.63269087629
1.405 1.62888247554
1.410 1.62509289921
1.415 1.62132197172
1.420 1.6175695198
1.425 1.6138353724
1.430 1.61011936069
1.435 1.60642131804
1.440 1.60274107991
1.445 1.5990784839
1.450 1.59543336965
1.455 1.59180557884
1.460 1.58819495515
1.465 1.58460134422
1.470 1.58102459363
1.475 1.57746455285
1.480 1.57392107324
1.485 1.57039400798
1.490 1.56688321206
1.495 1.56338854226
1.500 1.55990985712
1.505 1.55759355944
1.510 1.55528975797
1.515 1.55299834385
1.520 1.55071920957
1.525 1.54845224892
1.530 1.54619735699
1.535 1.54395443015
1.540 1.54172336598
1.545 1.53950406334
1.550 1.53729642228
1.555 1.53510034402
1.560 1.53291573101
1.565 1.5307424868
1.570 1.52858051611
1.575 1.52642972478
1.580 1.52429001974
1.585 1.52216130903
1.590 1.52004350173
1.595 1.51793650802
1.600 1.51584023907
1.605 1.51337063545
1.610 1.51091275805
1.615 1.50846651253
1.620 1.50603180561
1.625 1.50360854507
1.630 1.50119663974
1.635 1.49879599946
1.640 1.49640653507
1.645 1.49402815844
1.650 1.49166078239
1.655 1.48930432071
1.660 1.48695868816
1.665 1.48462380042
1.670 1.4822995741
1.675 1.47998592672
1.680 1.47768277672
1.685 1.47539004341
1.690 1.47310764696
1.695 1.47083550843
1.700 1.46857354972
1.705 1.46618152422
1.710 1.46379987825
1.715 1.46142853364
1.720 1.459067413
1.725 1.4567164398
1.730 1.4543755383
1.735 1.45204463355
1.740 1.44972365139
1.745 1.44741251844
1.750 1.44511116208
1.755 1.44281951044
1.760 1.44053749241
1.765 1.43826503759
1.770 1.43600207632
1.775 1.43374853965
1.780 1.43150435934
1.785 1.42926946784
1.790 1.42704379828
1.795 1.42482728447
1.800 1.42261986091
1.805 1.42083990842
1.810 1.41906785118
1.815 1.41730363269
1.820 1.41554719702
1.825 1.4137984888
1.830 1.4120574532
1.835 1.41032403596
1.840 1.40859818334
1.845 1.40687984214
1.850 1.40516895968
1.855 1.4034654838
1.860 1.40176936286
1.865 1.40008054571
1.870 1.39839898172
1.875 1.39672462072
1.880 1.39505741306
1.885 1.39339730955
1.890 1.39174426148
1.895 1.39009822062
1.900 1.38845913919
1.905 1.38779436313
1.910 1.38713317741
1.915 1.38647555568
1.920 1.38582147185
1.925 1.39488513646
1.930 1.4038461824
1.935 1.44536750106
1.940 1.48553246801
1.945 1.55675340971
1.950 1.62452811138
1.955 1.62695067208
1.960 1.62935844123
1.965 1.62898176409
1.970 1.62860746737
1.975 1.6245236615
1.980 1.62045002949
1.985 1.61954197672
1.990 1.61863841114
1.995 1.61330869262
2.000 1.60798756419
2.005 1.60154239998
2.010 1.59510306199
2.015 1.57470048202
2.020 1.55413083183
2.025 1.50134718472
2.030 1.44690669284
2.035 1.43661351705
2.040 1.42629609415
2.045 1.4159535174
2.050 1.40558485585
2.055 1.40004524807
2.060 1.39451032007
2.065 1.38897992945
2.070 1.3834539335
2.075 1.3779321891
2.080 1.37241455273
2.085 1.36690088043
2.090 1.36139102779
2.095 1.35588484987
2.100 1.35038220125
2.105 1.34788359943
2.110 1.3453922343
2.115 1.34290806014
2.120 1.34043103159
2.125 1.33796110368
2.130 1.3354982318
2.135 1.33304237171
2.140 1.33059347952
2.145 1.32815151169
2.150 1.32571642507
2.155 1.32328817681
2.160 1.32086672444
2.165 1.31845202581
2.170 1.31604403912
2.175 1.3136427229
2.180 1.31124803601
2.185 1.30885993763
2.190 1.30647838727
2.195 1.30410334476
2.200 1.30173477025
2.205 1.30032076721
2.210 1.29891174266
2.215 1.29750766785
2.220 1.29610851421
2.225 1.29471425346
2.230 1.2933248575
2.235 1.29194029848
2.240 1.29056054877
2.245 1.28918558097
2.250 1.28781536788
2.255 1.28644988253
2.260 1.28508909816
2.265 1.28373298823
2.270 1.2823815264
2.275 1.28103468655
2.280 1.27969244275
2.285 1.27835476929
2.290 1.27702164065
2.295 1.27569303152
2.300 1.27436891678
2.305 1.27544697897
2.310 1.27651991773
2.315 1.27758777362
2.320 1.27865058675
2.325 1.27970839684
2.330 1.28076124314
2.335 1.28180916452
2.340 1.28285219939
2.345 1.2838903858
2.350 1.28492376138
2.355 1.28595236334
2.360 1.28697622853
2.365 1.2879953934
2.370 1.28900989402
2.375 1.29001976608
2.380 1.29102504491
2.385 1.29202576546
2.390 1.29302196232
2.395 1.29401366975
2.400 1.29500092162
2.405 1.34071514033
2.410 1.384747659
2.415 1.42725519497
2.420 1.46837121645
2.425 1.4690741668
2.430 1.46977431188
2.435 1.46943958078
2.440 1.46910640607
2.445 1.4682853745
2.450 1.46746742058
2.455 1.46541898281
2.460 1.46337601144
2.465 1.46403987053
2.470 1.46470115288
2.475 1.46153117387
2.480 1.45836693602
2.485 1.44659023643
2.490 1.43476318548
2.495 1.42288424282
2.500 1.41095181299
2.505 1.4016957581
2.510 1.39241423484
2.515 1.38310651088
2.520 1.37377183439
2.525 1.36440943315
2.530 1.3550185137
2.535 1.34559826042
2.540 1.33614783453
2.545 1.3266663731
2.550 1.31715298794
2.555 1.30760676446
2.560 1.29802676046
2.565 1.28841200483
2.570 1.27876149623
2.575 1.26907420158
2.580 1.25934905462
2.585 1.24958495419
2.590 1.23978076258
2.595 1.22993530367
2.600 1.22004736097
2.605 1.21842638351
2.610 1.21680944765
2.615 1.21519653343
2.620 1.21358762104
2.625 1.21198269079
2.630 1.21038172313
2.635 1.20878469863
2.640 1.20719159799
2.645 1.20560240205
2.650 1.20401709177
2.655 1.20243564824
2.660 1.20085805267
2.665 1.19928428639
2.670 1.19771433085
2.675 1.19614816765
2.680 1.19458577847
2.685 1.19302714514
2.690 1.1914722496
2.695 1.1899210739
2.700 1.1883736002
2.705 1.18682981081
2.710 1.18528968812
2.715 1.18375321464
2.720 1.18222037301
