3.240 1.0472444498
3.245 1.04647636385
3.250 1.04571010625
3.255 1.0449456699
3.260 1.04418304773
3.265 1.04342223272
3.270 1.04266321789
3.275 1.04190599627
3.280 1.04115056097
3.285 1.0403969051
3.290 1.03964502184
3.295 1.03889490437
3.300 1.03814654594
3.305 1.03739993982
3.310 1.03665507932
3.315 1.03591195779
3.320 1.03517056859
3.325 1.03443090516
3.330 1.03369296093
3.335 1.0329567294
3.340 1.03222220408
3.345 1.03148937854
3.350 1.03075824635
3.355 1.03002880114
3.360 1.02930103657
3.365 1.02857494632
3.370 1.02785052412
3.375 1.02712776373
3.380 1.02640665893
3.385 1.02568720354
3.390 1.02496939141
3.395 1.02425321645
3.400 1.02353867254
3.405 1.02282575366
3.410 1.02211445378
3.415 1.02140476691
3.420 1.02069668709
3.425 1.0199902084
3.430 1.01928532494
3.435 1.01858203084
3.440 1.01788032027
3.445 1.01718018743
3.450 1.01648162654
3.455 1.01578463186
3.460 1.01508919766
3.465 1.01439531826
3.470 1.01370298801
3.475 1.01301220127
3.480 1.01232295244
3.485 1.01163523596
3.490 1.01094904627
3.495 1.01026437787
3.500 1.00958122526
3.505 1.00889958298
3.510 1.00821944561
3.515 1.00754080773
3.520 1.00686366398
3.525 1.00618800899
3.530 1.00551383745
3.535 1.00484114405
3.540 1.00416992353
3.545 1.00350017065
3.550 1.00283188018
3.555 1.00216504693
3.560 1.00149966574
3.565 1.00083573146
3.570 1.00017323898
3.575 0.999512183216
3.580 0.998852559096
3.585 0.998194361581
3.590 0.997537585658
3.595 0.996882226337
3.600 0.996228278651
3.605 0.995575737659
3.610 0.994924598446
3.615 0.994274856117
3.620 0.993626505805
3.625 0.992979542664
3.630 0.992333961872
3.635 0.991689758632
3.640 0.991046928169
3.645 0.990405465732
3.650 0.989765366592
3.655 0.989126626044
3.660 0.988489239404
3.665 0.987853202014
3.670 0.987218509236
3.675 0.986585156453
3.680 0.985953139073
3.685 0.985322452526
3.690 0.984693092261
3.695 0.984065053752
3.700 0.983438332493
3.705 0.982812924
3.710 0.98218882381
3.715 0.981566027482
3.720 0.980944530596
3.725 0.980324328752
3.730 0.979705417571
3.735 0.979087792696
3.740 0.978471449791
3.745 0.977856384537
3.750 0.97724259264
3.755 0.976630069823
3.760 0.976018811831
3.765 0.975408814427
3.770 0.974800073395
3.775 0.97419258454
3.780 0.973586343684
3.785 0.972981346672
3.790 0.972377589364
3.795 0.971775067644
3.800 0.971173777411
3.805 0.970573714585
3.810 0.969974875106
3.815 0.969377254932
3.820 0.968780850037
3.825 0.968185656418
3.830 0.967591670088
3.835 0.966998887079
3.840 0.966407303441
3.845 0.965816915243
3.850 0.96522771857
3.855 0.964639709528
3.860 0.964052884238
3.865 0.96346723884
3.870 0.962882769492
3.875 0.96229947237
3.880 0.961717343665
3.885 0.961136379587
3.890 0.960556576365
3.895 0.959977930241
3.900 0.959400437478
3.905 0.958824094353
3.910 0.958248897162
3.915 0.957674842216
3.920 0.957101925844
3.925 0.956530144391
3.930 0.955959494219
3.935 0.955389971704
3.940 0.954821573241
3.945 0.95425429524
3.950 0.953688134128
3.955 0.953123086347
3.960 0.952559148354
3.965 0.951996316625
3.970 0.951434587647
3.975 0.950873957927
3.980 0.950314423986
3.985 0.949755982359
3.990 0.949198629598
3.995 0.94864236227
4.000 0.948087176957
4.005 0.947551017827
4.010 0.947015916709
4.015 0.946481870285
4.020 0.945948875251
4.025 0.94541692832
4.030 0.944886026217
4.035 0.944356165684
4.040 0.943827343474
4.045 0.943299556357
4.050 0.942772801116
4.055 0.942247074547
4.060 0.941722373462
4.065 0.941198694685
4.070 0.940676035056
4.075 0.940154391426
4.080 0.939633760662
4.085 0.939114139643
4.090 0.938595525263
4.095 0.938077914427
4.100 0.937561304057
4.105 0.937045691084
4.110 0.936531072455
4.115 0.93601744513
4.120 0.935504806081
4.125 0.934993152294
4.130 0.934482480767
4.135 0.933972788512
4.140 0.933464072552
4.145 0.932956329923
4.150 0.932449557677
4.155 0.931943752873
4.160 0.931438912588
4.165 0.930935033906
4.170 0.930432113929
4.175 0.929930149766
4.180 0.929429138543
4.185 0.928929077393
4.190 0.928429963467
4.195 0.927931793922
4.200 0.927434565932
4.205 0.926938276681
4.210 0.926442923362
4.215 0.925948503185
4.220 0.925455013368
4.225 0.924962451142
4.230 0.924470813748
4.235 0.923980098442
4.240 0.923490302488
4.245 0.923001423162
4.250 0.922513457753
4.255 0.922026403561
4.260 0.921540257894
4.265 0.921055018076
4.270 0.920570681438
4.275 0.920087245324
4.280 0.91960470709
4.285 0.9191230641
4.290 0.918642313732
4.295 0.918162453371
4.300 0.917683480417
4.305 0.917205392278
4.310 0.916728186373
4.315 0.916251860133
4.320 0.915776410997
4.325 0.915301836416
4.330 0.914828133852
4.335 0.914355300776
4.340 0.913883334671
4.345 0.913412233027
4.350 0.912941993349
4.355 0.912472613147
4.360 0.912004089945
4.365 0.911536421275
4.370 0.91106960468
4.375 0.910603637713
4.380 0.910138517935
4.385 0.909674242919
4.390 0.909210810247
4.395 0.90874821751
4.400 0.908286462311
4.405 0.907825542259
4.410 0.907365454976
4.415 0.906906198091
4.420 0.906447769244
4.425 0.905990166085
4.430 0.905533386271
4.435 0.90507742747
4.440 0.904622287359
4.445 0.904167963625
4.450 0.903714453962
4.455 0.903261756076
4.460 0.90280986768
4.465 0.902358786496
4.470 0.901908510256
4.475 0.901459036702
4.480 0.901010363582
4.485 0.900562488655
4.490 0.900115409689
4.495 0.899669124458
4.500 0.899223630749
4.505 0.898778926354
4.510 0.898335009075
4.515 0.897891876724
4.520 0.897449527119
4.525 0.897007958088
4.530 0.896567167468
4.535 0.896127153103
4.540 0.895687912845
4.545 0.895249444558
4.550 0.89481174611
4.555 0.894374815379
4.560 0.893938650251
4.565 0.893503248621
4.570 0.893068608391
4.575 0.892634727473
4.580 0.892201603783
4.585 0.89176923525
4.590 0.891337619808
4.595 0.890906755399
4.600 0.890476639974
4.605 0.890047271492
4.610 0.889618647918
4.615 0.889190767227
4.620 0.8887636274
4.625 0.888337226426
4.630 0.887911562303
4.635 0.887486633036
4.640 0.887062436636
4.645 0.886638971124
4.650 0.886216234528
4.655 0.885794224881
4.660 0.885372940227
4.665 0.884952378614
4.670 0.884532538101
4.675 0.884113416752
4.680 0.883695012638
4.685 0.883277323838
4.690 0.88286034844
4.695 0.882444084535
4.700 0.882028530226
4.705 0.881613683619
4.710 0.88119954283
4.715 0.880786105981
4.720 0.8803733712
4.725 0.879961336623
4.730 0.879550000393
4.735 0.879139360661
4.740 0.878729415583
4.745 0.878320163322
4.750 0.877911602049
4.755 0.877503729941
4.760 0.877096545183
4.765 0.876690045964
4.770 0.876284230482
4.775 0.875879096942
4.780 0.875474643554
4.785 0.875070868535
4.790 0.874667770109
4.795 0.874265346507
4.800 0.873863595966
4.805 0.873462516729
4.810 0.873062107045
4.815 0.872662365172
4.820 0.872263289372
4.825 0.871864877913
4.830 0.871467129072
4.835 0.87107004113
4.840 0.870673612374
4.845 0.8702778411
4.850 0.869882725607
4.855 0.869488264202
4.860 0.869094455197
4.865 0.868701296913
4.870 0.868308787672
4.875 0.867916925807
4.880 0.867525709655
4.885 0.867135137558
4.890 0.866745207866
4.895 0.866355918933
4.900 0.865967269121
4.905 0.865579256796
4.910 0.865191880331
4.915 0.864805138105
4.920 0.864419028501
4.925 0.864033549911
4.930 0.86364870073
4.935 0.863264479359
4.940 0.862880884206
4.945 0.862497913685
4.950 0.862115566213
4.955 0.861733840215
4.960 0.861352734121
4.965 0.860972246367
4.970 0.860592375394
4.975 0.860213119648
4.980 0.859834477582
4.985 0.859456447652
4.990 0.859079028323
4.995 0.858702218063
5.000 0.858326015345
5.005 0.857917162823
5.010 0.857508940013
5.015 0.857101345339
5.020 0.85669437723
5.025 0.856288034122
5.030 0.855882314456
5.035 0.855477216677
5.040 0.855072739237
5.045 0.854668880594
5.050 0.854265639209
5.055 0.85386301355
5.060 0.853461002091
5.065 0.853059603309
5.070 0.852658815689
5.075 0.852258637719
5.080 0.851859067893
5.085 0.851460104712
5.090 0.851061746678
5.095 0.850663992303
5.100 0.8502668401
5.105 0.849870288591
5.110 0.8494743363
5.115 0.849078981756
5.120 0.848684223497
5.125 0.848290060061
5.130 0.847896489994
5.135 0.847503511846
5.140 0.847111124173
5.145 0.846719325534
5.150 0.846328114495
5.155 0.845937489626
5.160 0.845547449501
5.165 0.845157992701
5.170 0.84476911781
5.175 0.844380823417
5.180 0.843993108117
5.185 0.843605970508
5.190 0.843219409194
5.195 0.842833422784
5.200 0.84244800989
5.205 0.842063169131
5.210 0.841678899129
5.215 0.841295198512
5.220 0.840912065911
5.225 0.840529499962
5.230 0.840147499306
5.235 0.83976606259
5.240 0.839385188462
5.245 0.839004875579
5.250 0.838625122598
5.255 0.838245928185
5.260 0.837867291005
5.265 0.837489209733
5.270 0.837111683046
5.275 0.836734709624
5.280 0.836358288154
5.285 0.835982417325
5.290 0.835607095833
5.295 0.835232322376
5.300 0.834858095658
5.305 0.834484414385
5.310 0.834111277271
5.315 0.83373868303
5.320 0.833366630383
5.325 0.832995118055
5.330 0.832624144774
5.335 0.832253709274
5.340 0.831883810292
5.345 0.831514446568
5.350 0.831145616849
5.355 0.830777319883
5.360 0.830409554425
5.365 0.830042319233
5.370 0.829675613067
5.375 0.829309434695
5.380 0.828943782885
5.385 0.828578656412
5.390 0.828214054054
5.395 0.827849974593
5.400 0.827486416814
5.405 0.827123379508
5.410 0.826760861468
5.415 0.826398861492
5.420 0.826037378382
5.425 0.825676410943
5.430 0.825315957984
5.435 0.824956018319
5.440 0.824596590765
5.445 0.824237674142
5.450 0.823879267276
5.455 0.823521368994
5.460 0.82316397813
5.465 0.822807093519
5.470 0.822450714001
5.475 0.822094838419
5.480 0.821739465621
5.485 0.821384594457
5.490 0.821030223783
5.495 0.820676352456
5.500 0.820322979338
5.505 0.819970103295
5.510 0.819617723196
5.515 0.819265837915
5.520 0.818914446326
5.525 0.818563547311
5.530 0.818213139752
5.535 0.817863222537
5.540 0.817513794557
5.545 0.817164854705
5.550 0.81681640188
5.555 0.816468434982
5.560 0.816120952915
5.565 0.815773954589
5.570 0.815427438914
5.575 0.815081404806
5.580 0.814735851183
5.585 0.814390776966
5.590 0.814046181081
5.595 0.813702062457
5.600 0.813358420025
5.605 0.81301525272
5.610 0.812672559482
5.615 0.812330339251
5.620 0.811988590975
5.625 0.8116473136
5.630 0.811306506079
5.635 0.810966167367
5.640 0.810626296422
5.645 0.810286892206
5.650 0.809947953684
5.655 0.809609479824
5.660 0.809271469597
5.665 0.808933921978
5.670 0.808596835944
5.675 0.808260210476
5.680 0.807924044558
5.685 0.807588337177
5.690 0.807253087324
5.695 0.806918293992
5.700 0.806583956177
5.705 0.806250072879
5.710 0.8059166431
5.715 0.805583665847
5.720 0.805251140129
5.725 0.804919064956
5.730 0.804587439344
5.735 0.80425626231
5.740 0.803925532877
5.745 0.803595250067
5.750 0.803265412907
5.755 0.802936020428
5.760 0.802607071662
5.765 0.802278565645
5.770 0.801950501415
5.775 0.801622878015
5.780 0.801295694489
5.785 0.800968949884
5.790 0.800642643251
5.795 0.800316773642
5.800 0.799991340115
5.805 0.799666341728
5.810 0.799341777543
5.815 0.799017646624
5.820 0.798693948039
5.825 0.798370680859
5.830 0.798047844156
5.835 0.797725437006
5.840 0.797403458489
5.845 0.797081907685
5.850 0.796760783678
5.855 0.796440085557
5.860 0.79611981241
5.865 0.795799963329
5.870 0.795480537411
5.875 0.795161533753
5.880 0.794842951455
5.885 0.794524789621
5.890 0.794207047357
5.895 0.793889723771
5.900 0.793572817975
5.905 0.793256329082
5.910 0.792940256209
5.915 0.792624598476
5.920 0.792309355003
5.925 0.791994524916
5.930 0.791680107341
5.935 0.791366101409
5.940 0.79105250625
5.945 0.790739321001
5.950 0.790426544797
5.955 0.79011417678
5.960 0.789802216091
5.965 0.789490661875
5.970 0.78917951328
5.975 0.788868769456
5.980 0.788558429555
5.985 0.788248492732
5.990 0.787938958144
5.995 0.787629824952
6.000 0.787321092317
6.005 0.786997387912
6.010 0.786674094125
6.015 0.786351210103
6.020 0.786028734995
6.025 0.785706667953
6.030 0.785385008131
6.035 0.785063754685
6.040 0.784742906776
6.045 0.784422463563
6.050 0.784102424211
6.055 0.783782787887
6.060 0.783463553758
6.065 0.783144720997
6.070 0.782826288777
6.075 0.782508256273
6.080 0.782190622664
6.085 0.781873387132
6.090 0.781556548858
6.095 0.781240107028
6.100 0.78092406083
6.105 0.780608409455
6.110 0.780293152094
6.115 0.779978287942
6.120 0.779663816197
6.125 0.779349736057
6.130 0.779036046725
6.135 0.778722747404
6.140 0.7784098373
6.145 0.778097315623
6.150 0.777785181582
6.155 0.777473434391
6.160 0.777162073265
6.165 0.776851097421
6.170 0.77654050608
6.175 0.776230298462
6.180 0.775920473793
6.185 0.775611031298
6.190 0.775301970206
6.195 0.774993289748
6.200 0.774684989157
6.205 0.774377067668
6.210 0.774069524517
6.215 0.773762358945
6.220 0.773455570192
6.225 0.773149157503
6.230 0.772843120124
6.235 0.772537457301
6.240 0.772232168286
6.245 0.771927252331
6.250 0.771622708689
6.255 0.771318536617
6.260 0.771014735373
6.265 0.770711304219
6.270 0.770408242416
6.275 0.770105549229
6.280 0.769803223925
6.285 0.769501265773
6.290 0.769199674043
6.295 0.768898448008
6.300 0.768597586944
6.305 0.768297090126
6.310 0.767996956834
6.315 0.767697186349
6.320 0.767397777954
6.325 0.767098730933
6.330 0.766800044573
6.335 0.766501718164
6.340 0.766203750995
6.345 0.76590614236
6.350 0.765608891554
6.355 0.765311997872
6.360 0.765015460614
6.365 0.764719279081
6.370 0.764423452574
6.375 0.764127980399
6.380 0.763832861861
6.385 0.763538096268
6.390 0.763243682931
6.395 0.762949621162
6.400 0.762655910275
6.405 0.762362549585
6.410 0.76206953841
6.415 0.761776876069
6.420 0.761484561885
6.425 0.76119259518
6.430 0.760900975279
6.435 0.760609701509
6.440 0.760318773199
6.445 0.76002818968
6.450 0.759737950284
6.455 0.759448054345
6.460 0.759158501199
6.465 0.758869290184
6.470 0.75858042064
6.475 0.758291891907
6.480 0.758003703331
6.485 0.757715854254
6.490 0.757428344024
6.495 0.75714117199
6.500 0.756854337502
6.505 0.756567839911
6.510 0.756281678572
6.515 0.755995852841
6.520 0.755710362073
6.525 0.755425205629
6.530 0.755140382869
6.535 0.754855893156
6.540 0.754571735853
6.545 0.754287910327
6.550 0.754004415945
6.555 0.753721252076
6.560 0.753438418091
6.565 0.753155913363
6.570 0.752873737266
6.575 0.752591889176
6.580 0.752310368471
6.585 0.752029174529
6.590 0.751748306733
6.595 0.751467764463
6.600 0.751187547106
6.605 0.750907654046
6.610 0.75062808467
6.615 0.750348838369
6.620 0.750069914533
6.625 0.749791312554
6.630 0.749513031825
6.635 0.749235071744
6.640 0.748957431706
6.645 0.748680111111
6.650 0.748403109359
6.655 0.748126425851
6.660 0.747850059992
6.665 0.747574011186
6.670 0.747298278839
6.675 0.747022862362
6.680 0.746747761161
6.685 0.746472974651
6.690 0.746198502242
6.695 0.745924343349
6.700 0.745650497389
6.705 0.745376963778
6.710 0.745103741936
6.715 0.744830831283
6.720 0.744558231242
6.725 0.744285941235
6.730 0.744013960687
6.735 0.743742289026
6.740 0.743470925679
6.745 0.743199870076
6.750 0.742929121647
6.755 0.742658679825
6.760 0.742388544044
6.765 0.742118713739
6.770 0.741849188348
6.775 0.741579967308
6.780 0.741311050059
6.785 0.741042436043
6.790 0.740774124702
6.795 0.74050611548
6.800 0.740238407823
6.805 0.739971001178
6.810 0.739703894993
6.815 0.739437088717
6.820 0.739170581803
6.825 0.738904373702
6.830 0.73863846387
6.835 0.73837285176
6.840 0.738107536831
6.845 0.73784251854
6.850 0.737577796347
6.855 0.737313369712
6.860 0.737049238099
6.865 0.736785400971
6.870 0.736521857794
6.875 0.736258608033
6.880 0.735995651156
6.885 0.735732986633
6.890 0.735470613935
6.895 0.735208532532
6.900 0.734946741899
6.905 0.73468524151
6.910 0.734424030841
6.915 0.734163109369
6.920 0.733902476573
6.925 0.733642131933
6.930 0.733382074929
6.935 0.733122305045
6.940 0.732862821764
6.945 0.732603624572
6.950 0.732344712954
6.955 0.732086086399
6.960 0.731827744395
6.965 0.731569686433
6.970 0.731311912005
6.975 0.731054420603
6.980 0.730797211722
6.985 0.730540284856
6.990 0.730283639503
6.995 0.730027275161
7.000 0.729771191329
7.005 0.729515387506
7.010 0.729259863196
7.015 0.729004617901
7.020 0.728749651124
7.025 0.728494962373
7.030 0.728240551152
7.035 0.727986416971
7.040 0.727732559338
7.045 0.727478977763
7.050 0.727225671759
7.055 0.726972640837
7.060 0.726719884513
7.065 0.726467402301
7.070 0.726215193717
7.075 0.72596325828
7.080 0.725711595507
7.085 0.72546020492
7.090 0.725209086038
7.095 0.724958238386
7.100 0.724707661485
7.105 0.724457354861
7.110 0.72420731804
7.115 0.723957550548
7.120 0.723708051915
7.125 0.723458821668
7.130 0.72320985934
7.135 0.722961164462
7.140 0.722712736565
7.145 0.722464575186
7.150 0.722216679858
7.155 0.721969050118
7.160 0.721721685503
7.165 0.721474585552
7.170 0.721227749805
7.175 0.720981177802
7.180 0.720734869085
7.185 0.720488823198
7.190 0.720243039684
7.195 0.719997518089
7.200 0.719752257959
7.205 0.719507258842
7.210 0.719262520286
7.215 0.719018041841
7.220 0.718773823057
7.225 0.718529863488
7.230 0.718286162684
7.235 0.718042720202
7.240 0.717799535595
7.245 0.71755660842
7.250 0.717313938234
7.255 0.717071524595
7.260 0.716829367064
7.265 0.7165874652
7.270 0.716345818565
7.275 0.716104426721
7.280 0.715863289232
7.285 0.715622405664
7.290 0.715381775581
7.295 0.71514139855
7.300 0.71490127414
7.305 0.714661401919
7.310 0.714421781456
7.315 0.714182412324
7.320 0.713943294094
7.325 0.713704426338
7.330 0.713465808631
7.335 0.713227440549
7.340 0.712989321666
7.345 0.71275145156
7.350 0.712513829809
7.355 0.712276455993
7.360 0.712039329691
7.365 0.711802450484
7.370 0.711565817954
7.375 0.711329431685
7.380 0.71109329126
7.385 0.710857396265
7.390 0.710621746285
7.395 0.710386340908
7.400 0.710151179722
7.405 0.709916262315
7.410 0.709681588277
7.415 0.7094471572
7.420 0.709212968676
7.425 0.708979022296
7.430 0.708745317655
7.435 0.708511854348
7.440 0.70827863197
7.445 0.708045650118
7.450 0.70781290839
7.455 0.707580406385
7.460 0.7073481437
7.465 0.707116119939
7.470 0.7068843347
7.475 0.706652787588
7.480 0.706421478205
7.485 0.706190406155
7.490 0.705959571043
7.495 0.705728972476
7.500 0.70549861006
7.505 0.705268483404
7.510 0.705038592116
7.515 0.704808935806
7.520 0.704579514084
7.525 0.704350326562
7.530 0.704121372852
7.535 0.703892652568
7.540 0.703664165324
7.545 0.703435910735
7.550 0.703207888417
7.555 0.702980097987
7.560 0.702752539063
7.565 0.702525211264
7.570 0.702298114208
7.575 0.702071247517
7.580 0.701844610812
7.585 0.701618203714
7.590 0.701392025848
7.595 0.701166076837
7.600 0.700940356306
7.605 0.70071486388
7.610 0.700489599187
7.615 0.700264561852
7.620 0.700039751506
7.625 0.699815167777
7.630 0.699590810294
7.635 0.699366678689
7.640 0.699142772593
7.645 0.698919091639
7.650 0.69869563546
7.655 0.698472403691
7.660 0.698249395966
7.665 0.698026611922
7.670 0.697804051194
7.675 0.697581713421
7.680 0.69735959824
7.685 0.697137705292
7.690 0.696916034216
7.695 0.696694584652
7.700 0.696473356244
7.705 0.696252348632
7.710 0.69603156146
7.715 0.695810994373
7.720 0.695590647014
7.725 0.695370519031
7.730 0.695150610069
7.735 0.694930919776
7.740 0.6947114478
7.745 0.694492193789
7.750 0.694273157394
7.755 0.694054338265
7.760 0.693835736053
7.765 0.69361735041
7.770 0.693399180989
7.775 0.693181227444
7.780 0.692963489429
7.785 0.6927459666
7.790 0.692528658611
7.795 0.692311565121
7.800 0.692094685786
7.805 0.691878020265
7.810 0.691661568217
7.815 0.691445329301
7.820 0.691229303179
7.825 0.691013489512
7.830 0.690797887961
7.835 0.690582498189
7.840 0.690367319861
7.845 0.69015235264
7.850 0.689937596192
7.855 0.689723050183
7.860 0.689508714278
7.865 0.689294588146
7.870 0.689080671454
7.875 0.688866963872
7.880 0.688653465068
7.885 0.688440174714
7.890 0.68822709248
7.895 0.688014218038
7.900 0.68780155106
7.905 0.68758909122
7.910 0.687376838192
7.915 0.68716479165
7.920 0.68695295127
7.925 0.686741316727
7.930 0.686529887699
7.935 0.686318663863
7.940 0.686107644898
7.945 0.685896830482
7.950 0.685686220294
7.955 0.685475814016
7.960 0.685265611329
7.965 0.685055611914
7.970 0.684845815453
7.975 0.68463622163
7.980 0.684426830129
7.985 0.684217640634
7.990 0.684008652831
7.995 0.683799866405
8.000 0.683591281043
8.005 0.683369549502
8.010 0.683148027314
8.015 0.682926714155
8.020 0.682705609702
8.025 0.682484713633
8.030 0.682264025626
8.035 0.68204354536
8.040 0.681823272514
8.045 0.68160320677
8.050 0.681383347808
8.055 0.68116369531
8.060 0.680944248958
8.065 0.680725008436
8.070 0.680505973427
8.075 0.680287143616
8.080 0.680068518689
8.085 0.67985009833
8.090 0.679631882227
8.095 0.679413870066
8.100 0.679196061536
8.105 0.678978456326
8.110 0.678761054124
8.115 0.678543854621
8.120 0.678326857506
8.125 0.678110062472
8.130 0.67789346921
8.135 0.677677077413
8.140 0.677460886774
8.145 0.677244896988
8.150 0.677029107747
8.155 0.676813518749
8.160 0.676598129688
8.165 0.676382940262
8.170 0.676167950166
8.175 0.6759531591
8.180 0.675738566762
8.185 0.67552417285
8.190 0.675309977065
8.195 0.675095979107
8.200 0.674882178677
8.205 0.674668575477
8.210 0.674455169209
8.215 0.674241959575
8.220 0.67402894628
8.225 0.673816129028
8.230 0.673603507523
8.235 0.673391081471
8.240 0.673178850579
8.245 0.672966814552
8.250 0.672754973098
8.255 0.672543325925
8.260 0.672331872742
8.265 0.672120613258
8.270 0.671909547182
8.275 0.671698674226
8.280 0.6714879941
8.285 0.671277506515
8.290 0.671067211184
8.295 0.67085710782
8.300 0.670647196137
8.305 0.670437475848
8.310 0.670227946667
8.315 0.670018608312
8.320 0.669809460496
8.325 0.669600502937
8.330 0.669391735351
8.335 0.669183157457
8.340 0.668974768972
8.345 0.668766569616
8.350 0.668558559108
8.355 0.668350737167
8.360 0.668143103515
8.365 0.667935657872
8.370 0.667728399961
8.375 0.667521329503
8.380 0.667314446222
8.385 0.667107749841
8.390 0.666901240085
8.395 0.666694916677
8.400 0.666488779343
8.405 0.666282827809
8.410 0.666077061801
8.415 0.665871481047
8.420 0.665666085273
8.425 0.665460874207
8.430 0.66525584758
8.435 0.665051005118
8.440 0.664846346553
8.445 0.664641871615
8.450 0.664437580034
8.455 0.664233471542
8.460 0.664029545871
8.465 0.663825802753
8.470 0.663622241922
8.475 0.663418863111
8.480 0.663215666054
8.485 0.663012650487
8.490 0.662809816143
8.495 0.66260716276
8.500 0.662404690074
8.505 0.662202397821
8.510 0.662000285739
8.515 0.661798353566
8.520 0.661596601041
8.525 0.661395027902
8.530 0.661193633889
8.535 0.660992418743
8.540 0.660791382204
8.545 0.660590524012
8.550 0.660389843911
8.555 0.660189341642
8.560 0.659989016947
8.565 0.659788869571
8.570 0.659588899257
8.575 0.65938910575
8.580 0.659189488794
8.585 0.658990048134
8.590 0.658790783517
8.595 0.65859169469
8.600 0.658392781398
8.605 0.65819404339
8.610 0.657995480413
8.615 0.657797092216
8.620 0.657598878548
8.625 0.657400839158
8.630 0.657202973797
8.635 0.657005282215
8.640 0.656807764163
8.645 0.656610419392
8.650 0.656413247655
8.655 0.656216248704
8.660 0.656019422292
8.665 0.655822768173
8.670 0.6556262861
8.675 0.655429975829
8.680 0.655233837114
8.685 0.65503786971
8.690 0.654842073375
8.695 0.654646447863
8.700 0.654450992933
8.705 0.654255708341
8.710 0.654060593846
8.715 0.653865649206
8.720 0.65367087418
8.725 0.653476268527
8.730 0.653281832008
8.735 0.653087564382
8.740 0.652893465411
8.745 0.652699534855
8.750 0.652505772478
8.755 0.65231217804
8.760 0.652118751305
8.765 0.651925492035
8.770 0.651732399996
8.775 0.65153947495
8.780 0.651346716663
8.785 0.651154124899
8.790 0.650961699424
8.795 0.650769440004
8.800 0.650577346407
8.805 0.650385418397
8.810 0.650193655744
8.815 0.650002058215
8.820 0.649810625578
8.825 0.649619357603
8.830 0.649428254057
8.835 0.649237314712
8.840 0.649046539337
8.845 0.648855927704
8.850 0.648665479582
8.855 0.648475194744
8.860 0.648285072961
8.865 0.648095114007
8.870 0.647905317654
8.875 0.647715683675
8.880 0.647526211843
8.885 0.647336901935
8.890 0.647147753723
8.895 0.646958766983
8.900 0.646769941491
8.905 0.646581277023
8.910 0.646392773355
8.915 0.646204430264
8.920 0.646016247527
8.925 0.645828224922
8.930 0.645640362228
8.935 0.645452659222
8.940 0.645265115684
8.945 0.645077731394
8.950 0.644890506131
8.955 0.644703439676
8.960 0.644516531809
8.965 0.644329782312
8.970 0.644143190966
8.975 0.643956757553
8.980 0.643770481857
8.985 0.643584363659
8.990 0.643398402743
8.995 0.643212598893
